0.095225
0.095225
0.095225
0.089678
0.089678
0.089678
0.095965
0.094657
0.094202
0.094202
0.102169
0.085189
0.085189
0.126258
0.108163
0.072977
0.072977
0.093555
0.124221
0.124221
0.064369
0.064369
0.074472
0.045247
0.045247
0.031987
0.031987
0.036903
0.036903
0.033506
0.013161
0.013161
0.014757
0.012751
0.024167
0.024167
0.038274
0.038274
0.046905
0.046905
0.050700
0.041361
0.041361
0.034891
0.041977
0.041977
0.047627
0.033635
0.033635
0.045755
0.052866
0.051737
0.033734
0.055202
0.059039
0.059626
0.034970
0.033003
0.033003
0.035674
0.024657
0.024657
0.026165
0.032382
0.036386
0.036386
0.034982
0.046242
0.051579
0.051579
0.042628
0.042628
0.042969
0.046782
0.046782
0.044216
0.059730
0.059730
0.066784
0.060427
0.076352
0.076352
0.063665
0.082987
0.082987
0.116821
0.063338
0.063338
0.075734
0.075734
0.061359
0.051072
0.051072
0.049727
0.043429
0.043429
0.041235
0.040746
0.040746
0.034279
0.028262
0.024878
0.024349
0.019579
0.018575
0.024967
0.024967
0.024774
0.024774
0.023484
0.013781
0.013781
0.027451
0.027451
0.027451
0.009290
0.023215
0.026259
0.026259
0.028185
0.028185
0.038069
0.038069
0.038874
0.042030
0.047997
0.043341
0.043341
0.053093
0.053093
0.045144
0.049108
0.049108
0.049826
0.047896
0.059046
0.059046
0.047042
0.052250
0.052250
0.058649
0.058649
0.045103
0.045103
0.054383
0.049213
0.051720
0.052735
0.052735
0.052735
0.059668
0.070200
0.079305
0.079305
0.064064
0.064064
0.084751
0.110464
0.077229
0.077229
0.075890
0.109606
0.093539
0.093539
0.093539
0.106829
0.111536
0.113944
0.113944
0.097768
0.097768
0.132503
0.104107
0.104107
0.105899
0.105899
0.132913
0.127864
0.127864
0.109499
0.109499
0.126719
0.126719
0.104942
0.095736
0.091020
0.086573
0.129981
0.129981
0.094894
0.094894
0.070180
0.071499
0.071499
0.045494
0.053955
0.053955
0.032532
0.042295
0.042679
0.034034
0.034034
0.039845
0.039845
0.040388
0.034198
0.040420
0.040420
0.039820
0.039820
0.039820
0.025765
0.025765
0.034458
0.017805
0.017805
0.013380
0.013193
0.011239
0.011239
0.007979
0.016312
0.030638
0.042848
0.043067
0.043067
0.056410
0.056410
0.055805
0.061718
0.083539
0.083539
0.069093
0.082795
0.092882
0.092882
0.083516
0.088885
0.088885
0.098749
0.101661
0.077361
0.111031
0.103628
0.103628
0.103628
0.080960
0.119178
0.090252
0.090252
0.086941
0.086941
0.107656
0.107656
0.086331
0.069775
0.060114
0.060114
0.047873
0.041288
0.041288
0.056974
0.056974
0.046204
0.040945
0.046399
0.046399
0.040490
0.025990
0.053907
0.053907
0.045009
0.033596
0.033596
0.045704
0.057716
0.053688
0.053688
0.049673
0.072771
0.072771
0.048573
0.048573
0.049378
0.045543
0.045543
0.038778
0.047091
0.039148
0.039148
0.036623
0.036623
0.040584
0.040691
0.040691
0.025303
0.026712
0.026712
0.028734
0.027298
0.031022
0.031022
0.012443
0.012443
0.014493
0.023673
-0.000208
0.005824
0.005824
0.011001
0.011001
0.010004
0.010004
0.017672
0.013775
0.013775
0.014912
0.014912
0.018518
0.014026
0.014026
0.015822
0.015822
0.008090
0.008090
0.012124
0.012124
0.030270
0.033251
0.033251
0.030943
0.039093
0.039093
0.039093
0.052508
0.052670
0.064788
0.064788
0.075777
0.058726
0.058726
0.058726
0.027873
0.027873
-0.010610
-0.009214
0.027722
0.036047
0.073560
0.073560
0.064812
0.057333
0.057333
0.069093
0.063759
0.071522
0.071522
0.088940
0.098364
0.098364
0.135779
0.169439
0.169312
0.172829
0.172829
0.174279
0.171855
0.171855
0.177230
0.165862
0.165862
0.165862
0.168400
0.174173
0.174173
0.167597
0.147776
0.156788
0.143609
0.164569
0.155575
0.155575
0.131582
0.125705
0.125705
0.089707
0.088859
0.088859
0.122179
0.083516
0.084383
0.084383
0.120564
0.120564
0.120564
0.073982
0.093587
0.093587
0.093587
0.095539
0.095539
0.089631
0.090530
0.102181
0.102181
0.102181
0.121185
0.121185
0.096477
0.096477
0.112106
0.098628
0.089486
0.089486
0.089486
0.096137
0.114391
0.114391
0.105964
0.125336
0.074759
0.122409
0.122409
0.120341
0.120341
0.086742
0.078724
0.106289
0.100898
0.094603
0.094603
0.114781
0.114781
0.100887
0.099625
0.110034
0.119467
0.119467
0.086941
0.086941
0.086941
0.082239
0.092238
0.071347
0.071347
0.074763
0.096297
0.096297
0.060254
0.078218
0.078218
0.104343
0.070564
0.068385
0.084786
0.089019
0.089019
0.065772
0.065772
0.066067
0.098881
0.081548
0.081548
0.089596
0.132219
0.132219
0.137040
0.149217
0.149217
0.145144
0.149084
0.145957
0.123123
0.132893
0.114904
0.114904
0.087589
0.131140
0.108269
0.108269
0.091341
0.105737
0.105737
0.123112
0.107896
0.119548
0.115292
0.124685
0.124685
0.105078
0.108981
0.108981
0.115974
0.115974
0.093420
0.093420
0.070562
0.077509
0.084195
0.084195
0.066480
0.110012
0.110012
0.056760
0.056760
0.056760
0.098403
0.089820
0.067644
0.067644
0.103837
0.103837
0.085497
0.082678
0.074916
0.075846
0.086045
0.086045
0.120848
0.120848
0.129463
0.129463
0.092508
0.092508
0.113409
0.158661
0.137250
0.103988
0.109473
0.123390
0.148555
0.110853
0.130782
0.130782
0.154178
0.158365
0.116418
0.157057
0.157057
0.134600
0.134600
0.144457
0.144457
0.146119
0.146119
0.133446
0.133446
0.133996
0.133826
0.107149
0.107149
0.135615
0.135615
0.127739
0.107149
0.129155
0.118101
0.120661
0.120661
0.134167
0.132500
0.132500
0.091091
0.123837
0.123837
0.125466
0.125466
0.077977
0.071505
0.071505
0.066786
0.066786
0.057439
0.057439
0.063260
0.063260
0.061026
0.052020
0.043087
0.047281
0.049309
0.049309
0.045755
0.046088
0.047762
0.047762
0.040460
0.046200
0.046890
0.046890
0.046890
0.035388
0.045544
0.045544
0.045544
0.040159
0.044497
0.064372
0.064372
0.082564
0.101886
0.101886
0.081737
0.081737
0.070168
0.066185
0.061704
0.061704
0.063733
0.063733
0.058073
0.054318
0.054318
0.054318
0.052702
0.052702
0.048548
0.048548
0.041352
0.040408
0.038046
0.034653
0.025226
0.014386
0.014386
0.008263
0.008263
0.008263
0.018752
0.014196
0.034256
0.034256
0.035659
0.035659
0.035252
0.035252
0.044497
0.043824
0.043824
0.065656
0.065656
0.039701
0.037157
0.041032
0.046796
0.046796
0.046796
0.029050
0.035121
0.023074
0.027003
0.019678
-0.010149
-0.010149
-0.002606
0.003694
0.003694
-0.007436
-0.017233
0.001517
0.001517
0.005687
0.011507
0.011507
0.015654
0.015516
0.015516
0.026726
0.026726
0.029108
0.036557
0.036557
0.028726
0.034972
0.034972
0.034972
0.022083
0.022083
0.028680
0.024338
0.027264
0.027264
0.033663
0.038067
0.038067
0.038811
0.054025
0.054025
0.051243
0.049003
0.057819
0.057819
0.057211
0.074084
0.074084
0.066908
0.066908
0.074448
0.080167
0.080167
0.057567
0.071793
0.072743
0.043341
0.058562
0.058562
0.056176
0.057298
0.045523
0.045523
0.076736
0.060739
0.062961
0.062961
0.109253
0.109253
0.103174
0.103174
0.093075
0.093075
0.093075
0.096865
0.096865
0.133817
0.073841
0.058692
0.053453
0.058136
0.058136
0.047900
0.051575
0.051575
0.056254
0.059764
0.066244
0.066244
0.066244
0.070564
0.074681
0.080752
0.080752
0.087150
0.087150
0.062909
0.074578
0.082051
0.073297
0.073297
0.073297
0.076385
0.067770
0.067770
0.080112
0.066428
0.066428
0.070618
0.072321
0.065710
0.065710
0.056126
0.050237
0.050237
0.050482
0.042916
0.055035
0.055035
0.037353
0.037357
0.042999
0.035588
0.035588
0.034518
0.041931
0.028055
0.034203
0.027969
0.027969
0.024073
0.003641
0.003641
-0.027933
-0.027933
-0.083677
-0.107638
-0.107638
-0.095205
-0.096432
-0.062800
-0.062800
-0.021617
-0.014204
-0.026976
0.014013
0.027081
0.027081
0.036133
0.027042
0.030720
0.030720
0.034723
0.034723
0.031168
0.048021
0.042513
0.042513
0.042513
0.041422
0.044923
0.044923
0.044744
0.026140
0.051397
0.055402
0.023951
0.023951
0.047639
0.047639
0.038363
0.038363
0.033351
0.050143
0.050143
0.048631
0.047698
0.047698
0.050199
0.050199
0.060144
0.060144
0.061165
0.061840
0.068713
0.065430
0.074062
0.074062
0.081982
0.085127
0.064900
0.064900
0.064900
0.113080
0.113080
0.073829
0.073829
0.094855
0.094855
0.103802
0.103802
0.103802
0.081080
0.081080
0.113809
0.113809
0.096742
0.100129
0.100129
0.101388
0.083629
0.083629
0.117354
0.116604
0.116604
0.103869
0.118936
0.118936
0.076369
0.076369
0.128040
0.113128
0.094603
0.094603
0.122678
0.097230
0.097230
0.089891
0.089891
0.117450
0.110435
0.110435
0.111569
0.102024
0.102024
0.075233
0.085090
0.085090
0.095225
0.093821
0.081371
0.099498
0.099498
0.114676
0.114676
0.114676
0.079529
0.120601
0.094247
0.094247
0.091953
0.118742
0.118742
0.098493
0.098493
0.118336
0.108383
0.108383
0.108383
0.087300
0.113214
0.114581
0.114581
0.101138
0.097652
0.108940
0.108940
0.097785
0.097785
0.094936
0.112636
0.112636
0.112636
0.087997
0.087997
0.114366
0.086518
0.086518
0.087453
0.103537
0.103537
0.103537
0.090087
0.103478
0.103478
0.128252
0.128252
0.086181
0.098865
0.098865
0.119824
0.093851
0.093851
0.104399
0.104399
0.109633
0.109633
0.107342
0.107342
0.107342
0.107342
0.098974
0.104928
0.104928
0.104379
0.083085
0.092803
0.092803
0.103218
0.103218
0.103218
0.075162
0.104343
0.104343
0.104343
0.079121
0.079121
0.081927
0.099621
0.080766
0.080766
0.089486
0.089486
0.098764
0.098764
0.085159
0.085159
0.098755
0.079934
0.085087
0.086859
0.088262
0.093221
0.093221
0.098746
0.101017
0.116423
0.116423
0.080112
0.083487
0.099875
0.097646
0.082714
0.082714
0.096065
0.074189
0.074189
0.079752
0.098511
0.098511
0.102076
0.066007
0.093555
0.093555
0.114977
0.071938
0.076155
0.076155
0.102782
0.102782
0.085023
0.085023
0.082720
0.082720
0.082720
0.072743
0.086246
0.086246
0.086246
0.084578
0.084578
0.092936
0.092936
0.082063
0.077699
0.114341
0.114341
0.103749
0.103749
0.079041
0.088938
0.077001
0.078732
0.078732
0.087164
0.104718
0.104718
0.083875
0.083875
0.100637
0.100637
0.101023
0.079707
0.109449
0.109449
0.096540
0.088559
0.094456
0.094456
0.100127
0.107698
0.107698
0.105036
0.105036
0.117681
0.088723
0.105931
0.105931
0.135804
0.076647
0.147231
0.147231
0.113962
0.113962
0.113962
0.127549
0.161326
0.161326
0.137870
0.103977
0.103977
0.103977
0.126437
0.110090
0.145677
0.126017
0.126017
0.130457
0.105176
0.105176
0.156108
0.085772
0.085772
0.107635
0.147052
0.147052
0.112308
0.103478
0.138922
0.138922
0.138922
0.120165
0.132301
0.132301
0.112106
0.122931
0.122931
0.147532
0.110236
0.086918
0.126098
0.126098
0.115434
0.115434
0.128210
0.128210
0.102475
0.121933
0.121933
0.121933
0.109552
0.129137
0.134913
0.115704
0.115704
0.109091
0.163303
0.094526
0.094526
0.094526
0.119469
0.119469
0.130934
0.130934
0.079799
0.090684
0.125664
0.122158
0.100639
0.109066
0.110090
0.110090
0.056951
0.055254
0.055254
0.064478
0.047039
0.041355
0.046902
0.046902
0.037733
0.037733
0.028151
0.035842
0.035842
0.022725
0.022725
0.022725
0.026714
-0.008564
-0.008564
0.017690
0.017690
0.025299
0.025299
0.025299
-0.021490
-0.021490
-0.021490
-0.021490
-0.013921
-0.030417
-0.017537
-0.046211
-0.046211
-0.016196
-0.027756
-0.019003
-0.001723
-0.008145
-0.008145
-0.012626
-0.012626
0.004613
-0.002551
-0.002551
-0.015608
0.004566
-0.004734
-0.004734
-0.035122
0.015772
0.013818
0.003775
0.003775
-0.003736
0.026500
0.026076
0.026076
0.007742
0.030346
0.030346
0.013519
0.023538
0.032397
0.032397
0.032397
0.032397
0.031771
0.031771
0.033354
0.036595
0.036595
0.032920
0.034114
0.034114
0.034591
0.034591
0.035491
0.035491
0.026539
0.026539
0.032210
0.041153
0.041153
0.030647
0.032124
0.032124
0.032124
0.042932
0.028119
0.035478
0.044477
0.044477
0.037881
0.037881
0.049107
0.049107
0.046993
0.046993
0.052637
0.060316
0.062988
0.062988
0.062632
0.075284
0.081476
0.081476
0.071903
0.075959
0.075959
0.102714
0.102714
0.081029
0.081029
0.096214
0.096214
0.096214
0.086356
0.086356
0.106014
0.106014
0.106014
0.086291
0.088531
0.078778
0.087696
0.106376
0.099748
0.099748
0.086492
0.100505
0.095418
0.095418
0.088318
0.096117
0.096117
0.114717
0.105320
0.076569
0.076569
0.102461
0.067887
0.067887
0.057883
0.104901
0.104901
0.075727
0.075727
0.051679
0.093187
0.092739
0.092739
0.076890
0.076890
0.112820
0.096195
0.096195
0.134045
0.134045
0.086460
0.062580
0.084457
0.107176
0.085533
0.088884
0.076522
0.086596
0.086596
0.086596
0.113018
0.074189
0.074189
0.074189
0.119098
0.119098
0.119098
0.077461
0.077461
0.070285
0.070285
0.110196
0.102311
0.066669
0.092660
0.092660
0.122981
0.115574
0.062735
0.085224
0.125586
0.125586
0.125586
0.068657
0.077718
0.077718
0.086501
0.082929
0.082929
0.106526
0.123573
0.076005
0.076005
0.106698
0.111459
0.111459
0.064266
0.064266
0.064266
0.103311
0.114432
0.074422
0.074422
0.121183
0.121183
0.072892
0.077021
0.077021
0.077121
0.092926
0.092926
0.109421
0.086291
0.086291
0.065237
0.079881
0.067279
0.067279
0.033394
0.026205
0.027788
0.027788
0.022998
0.022998
0.033577
0.068321
0.082929
0.078471
0.067677
0.067677
0.103097
0.092910
0.071276
0.071276
0.089345
0.071434
0.049727
0.049727
0.054178
0.054178
0.041040
0.041040
0.052159
0.052159
0.044532
0.038098
0.036799
0.049829
0.049829
0.050931
0.050931
0.056944
0.056944
0.061288
0.061288
0.049683
0.049683
0.049683
0.058664
0.048372
0.048372
0.048372
0.054271
0.054271
0.060522
0.060522
0.074163
0.070248
0.058489
0.058489
0.107693
0.110762
0.075864
0.109633
0.145033
0.145033
0.145033
0.092563
0.092563
0.128509
0.129661
0.121595
0.134428
0.134428
0.133263
0.111269
0.111269
0.103195
0.103195
0.151200
0.151200
0.079394
0.120000
0.104901
0.104901
0.052187
0.055109
0.065188
0.064293
0.045548
0.045548
0.122320
0.122320
0.102569
0.102569
0.080745
0.110688
0.075074
0.075074
0.104357
0.087089
0.068550
0.097843
0.090292
0.090292
0.099251
0.120472
0.132230
0.088886
0.137831
0.137831
0.142042
0.091110
0.091110
0.138541
0.137704
0.137704
0.137704
0.081578
0.145908
0.145908
0.145908
0.088314
0.088314
0.122862
0.122862
0.098151
0.126322
0.126322
0.087852
0.099496
0.099496
0.114239
0.114239
0.093371
0.093371
0.096557
0.108540
0.083850
0.083850
0.082485
0.085946
0.102304
0.102304
0.102304
0.092220
0.092220
0.092220
0.071850
0.057988
0.079439
0.097485
0.097485
0.077466
0.077466
0.070135
0.070135
0.070135
0.053029
0.053029
0.053355
0.046355
0.059147
0.055514
0.044468
0.044468
0.044411
0.044411
0.047537
0.047537
0.048145
0.046113
0.046113
0.053027
0.049135
0.044639
0.044639
0.044639
0.057280
0.045712
0.045712
0.057672
0.070743
0.070743
0.049710
0.053741
0.059139
0.059139
0.048653
0.048653
0.070855
0.074630
0.074630
0.055264
0.060505
0.075334
0.075334
0.055439
0.067565
0.074814
0.074814
0.050801
0.054953
0.054953
0.059542
0.047508
0.044269
0.047132
0.047132
0.053428
0.039936
0.039936
0.047128
0.050872
0.050872
0.046157
0.046157
0.074396
0.069159
0.059083
0.059083
0.087559
0.064919
0.064919
0.069708
0.069708
0.117691
0.117691
0.081149
0.060022
0.060022
0.080332
0.081541
0.081541
0.081541
0.087133
0.087133
0.100131
0.100131
0.100131
0.076452
0.089339
0.072231
0.142121
0.142121
0.085260
0.085260
0.077689
0.120641
0.120641
0.120641
0.077652
0.077652
0.089878
0.089878
0.109149
0.109149
0.109149
0.085122
0.085122
0.100393
0.100393
0.100393
0.098019
0.098019
0.099379
0.099379
0.093173
0.078558
0.078558
0.078558
0.077254
0.077254
0.077254
0.085938
0.085938
0.085938
0.085125
0.078953
0.073728
0.068781
0.071260
0.072120
0.071053
0.086436
0.086436
0.098360
0.068366
0.066906
0.066906
0.066725
0.052030
0.052030
0.049977
0.049977
0.052508
0.040967
0.040967
0.048054
0.053592
0.053592
0.041114
0.051997
0.051997
0.060159
0.046776
0.046776
0.039633
0.060806
0.059460
0.059460
0.044268
0.039613
0.033495
0.033495
0.033416
0.038897
0.039164
0.039164
0.039689
0.042580
0.038077
0.031924
0.031924
0.031924
0.044297
0.047922
0.043265
0.043265
0.045552
0.044071
0.031314
0.031314
0.040801
0.048744
0.048744
0.046664
0.060897
0.075103
0.059202
0.059246
0.078595
0.078595
0.105632
0.105632
0.096549
0.092819
0.092819
0.065536
0.065536
0.048267
0.042881
0.042881
0.027264
0.027264
0.022124
0.022124
0.022124
0.026716
0.026716
0.014644
0.014644
-0.005606
-0.030426
-0.011036
-0.053346
-0.053346
-0.053346
-0.086041
-0.045788
-0.045788
-0.045788
-0.093660
0.023091
0.023091
0.023091
0.008853
0.008853
0.046377
0.046377
0.045303
0.045303
0.045303
0.045303
0.066363
0.040155
0.041653
0.043561
0.028315
0.024188
0.024188
0.035144
0.035144
0.028004
0.002459
0.009299
0.035267
0.025312
0.025312
0.032839
0.055679
0.054981
0.046864
0.046864
0.057118
0.098881
0.098881
0.057118
0.057118
0.140198
0.108430
0.108430
0.124997
0.124997
0.109928
0.109928
0.079797
0.141798
0.141798
0.084231
0.084231
0.091672
0.099125
0.080069
0.080069
0.080801
0.078856
0.078856
0.073881
0.063240
0.058794
0.058794
0.058794
0.069301
0.069301
0.051750
0.046776
0.072817
0.041153
0.058995
0.058995
0.063232
0.041007
0.041007
0.045808
0.045808
0.047651
0.021779
0.021779
0.029014
0.033286
-0.021423
-0.013439
-0.013439
-0.010617
-0.068797
-0.068797
-0.073651
-0.049548
-0.027094
-0.019340
-0.019340
-0.005146
0.007697
0.007697
-0.013060
-0.013060
-0.015715
0.005152
0.005152
0.002975
0.016436
0.016436
0.034653
0.041869
0.044617
0.044249
0.064009
0.070272
0.051904
0.051904
0.062529
0.062529
0.050421
0.050469
0.060739
0.060739
0.055984
0.055984
0.055984
0.058499
0.058499
0.053350
0.077456
0.077456
0.080116
0.074603
0.070180
0.070180
0.070180
0.080660
0.082735
0.082910
0.082910
0.085396
0.079663
0.079663
0.102534
0.102534
0.078993
0.089461
0.089461
0.088528
0.067648
0.078292
0.089162
0.081954
0.081954
0.060820
0.060820
0.060820
0.093980
0.067322
0.067322
0.062600
0.071075
0.045329
0.045329
0.055311
0.069642
0.079350
0.060520
0.060520
0.069225
0.069225
0.083738
0.083738
0.050758
0.050758
0.061866
0.075746
0.062499
0.061392
0.061392
0.076785
0.076785
0.081485
0.081485
0.066006
0.030869
0.035807
0.048529
0.048529
0.048529
0.039850
0.049120
0.056137
0.047442
0.044063
0.056086
0.056086
0.068398
0.073147
0.067088
0.067088
0.067088
0.107149
0.107149
0.107149
0.097628
0.127856
0.089081
0.089081
0.108508
0.108508
0.108508
0.103517
0.151952
0.151952
0.161120
0.142713
0.159959
0.159959
0.148289
0.148289
0.169002
0.157014
0.157014
0.161326
0.144889
0.144889
0.153062
0.150928
0.137430
0.137430
0.147532
0.136725
0.136725
0.133776
0.132659
0.132659
0.137468
0.137468
0.149330
0.149330
0.119469
0.119469
0.122099
0.122099
0.122099
0.108297
0.108297
0.122409
0.107963
0.116874
0.112755
0.150779
0.150779
0.150779
0.088076
0.088076
0.088076
0.130578
0.090932
0.090932
0.122126
0.131664
0.120252
0.120252
0.120252
0.117717
0.115065
0.115065
0.115065
0.123195
0.123195
0.096427
0.095671
0.124160
0.095539
0.084357
0.068489
0.067273
0.067273
0.048452
0.048452
0.037305
0.008317
-0.009445
-0.044380
-0.055207
-0.055207
-0.055207
0.012915
0.012915
0.026834
0.048070
0.055090
0.045896
0.045896
0.085463
0.085463
0.081071
0.049601
0.080556
0.074115
0.074115
0.057298
0.050823
0.050823
0.082828
0.082828
0.069101
0.069101
0.088777
0.137100
0.123712
0.123712
0.130378
0.152464
0.152464
0.152464
0.118971
0.119824
0.155088
0.140178
0.104797
0.102298
0.157463
0.112306
0.112306
0.148995
0.148995
0.142822
0.133826
0.133826
0.150272
0.150272
0.134081
0.099119
0.132610
0.144762
0.144762
0.144762
0.095189
0.095189
0.094428
0.117714
0.141328
0.104914
0.104914
0.104914
0.138837
0.106622
0.106622
0.106622
0.143310
0.134831
0.132093
0.132093
0.142532
0.118648
0.130902
0.130902
0.138802
0.098282
0.117001
0.117001
0.117001
0.119867
0.083273
0.087589
0.097213
0.081266
0.081266
0.108343
0.108343
0.083912
0.094881
0.103236
0.103236
0.090530
0.090332
0.111228
0.111228
0.093035
0.098618
0.098618
0.100001
0.098247
0.098247
0.105881
0.105881
0.084258
0.083937
0.101158
0.109201
0.109201
0.101265
0.115483
0.115483
0.116827
0.112374
0.112374
0.111907
0.087150
0.087150
0.087150
0.044097
0.017382
0.017382
-0.051872
-0.051872
-0.051872
-0.097313
-0.061374
-0.061374
-0.023758
0.035026
0.043013
0.043013
0.048046
0.073267
0.073267
0.073267
0.097870
0.097870
0.109740
0.109740
0.147383
0.139493
0.139493
0.148110
0.145560
0.160159
0.151901
0.151901
0.136810
0.150107
0.150107
0.151263
0.155126
0.146265
0.146265
0.146265
0.091838
0.091838
0.115206
0.115206
0.083887
0.108746
0.100254
0.100254
0.098507
0.126537
0.126537
0.113227
0.092900
0.092900
0.137831
0.137831
0.087071
0.087071
0.101528
0.133096
0.117316
0.117316
0.092936
0.092936
0.120098
0.117056
0.117056
0.084852
0.092354
0.098364
0.098364
0.121211
0.121211
0.141435
0.084927
0.084927
0.126552
0.146316
0.111837
0.100624
0.100624
0.129342
0.132645
0.105849
0.121632
0.121632
0.118597
0.091992
0.108337
0.108337
0.108337
0.118566
0.101923
0.101923
0.092449
0.112513
0.087726
0.087726
0.124290
0.103088
0.103088
0.093287
0.094548
0.126637
0.126637
0.090168
0.090168
0.129255
0.129255
0.125058
0.125058
0.093968
0.093968
0.076868
0.076868
0.086220
0.104391
0.104391
0.096703
0.089030
0.089030
0.103510
0.113731
0.121095
0.121095
0.100760
0.125285
0.125285
0.088314
0.077133
0.077133
0.088589
0.088589
0.053230
0.053230
0.073289
0.073289
0.079890
0.079890
0.113693
0.113693
0.113693
0.099007
0.099007
0.099007
0.122238
0.122238
0.122238
0.106386
0.106386
0.102684
0.110642
0.110642
0.084957
0.084957
0.087285
0.089890
0.089890
0.086753
0.096627
0.096627
0.083298
0.105370
0.105370
0.113055
0.113055
0.103088
0.104990
0.104990
0.116961
0.109310
0.109310
0.109310
0.095106
0.095106
0.118401
0.138908
0.093287
0.097012
0.105717
0.105717
0.116243
0.084852
0.084852
0.106622
0.106622
0.122943
0.080879
0.091113
0.091113
0.135427
0.115526
0.115526
0.139644
0.139644
0.149039
0.114435
0.114435
0.136053
0.136053
0.157057
0.104942
0.104942
0.141174
0.141174
0.090484
0.127923
0.114769
0.114769
0.091535
0.091535
0.114965
0.111703
0.111703
0.095476
0.095476
0.104652
0.104652
0.099875
0.107076
0.107076
0.093836
0.079841
0.070248
0.088614
0.088614
0.076090
0.054909
0.054909
0.054909
0.057320
0.057320
0.052187
0.052187
0.052187
0.051183
0.045593
0.045593
0.060301
0.052157
0.052157
0.056126
0.056937
0.056937
0.068205
0.062820
0.068366
0.068366
0.088097
0.085906
0.085906
0.070359
0.084492
0.093337
0.093337
0.085634
0.090101
0.090101
0.087015
0.097523
0.097523
0.097523
0.102562
0.088859
0.088859
0.131828
0.124869
0.089022
0.129525
0.129525
0.146747
0.146747
0.103472
0.145237
0.145237
0.146693
0.115841
0.127348
0.140451
0.140451
0.120940
0.120940
0.096343
0.127367
0.127367
0.137120
0.113299
0.136161
0.136161
0.115660
0.115660
0.110718
0.112342
0.130230
0.130230
0.104731
0.134571
0.134571
0.088641
0.131501
0.131501
0.131501
0.113520
0.132622
0.132622
0.136501
0.106198
0.101533
0.101533
0.129913
0.123286
0.105570
0.101789
0.101789
0.111601
0.126029
0.097912
0.103348
0.108163
0.108163
0.125260
0.124029
0.089562
0.117412
0.117412
0.076744
0.076744
0.083681
0.100895
0.064413
0.075945
0.105616
0.097135
0.069719
0.069719
0.069719
0.111001
0.074189
0.074189
0.073728
0.097746
0.097746
0.119945
0.119945
0.071903
0.057513
0.057513
0.045167
0.037998
0.047036
0.068896
0.068896
0.041879
0.041879
0.041879
0.091892
0.091892
0.091892
0.052223
0.052223
0.110494
0.110494
0.077766
0.126932
0.132873
0.098743
0.099104
0.099104
0.147964
0.131668
0.121054
0.133263
0.133263
0.134026
0.139200
0.139200
0.162643
0.155049
0.154820
0.154820
0.137796
0.137796
0.149283
0.147422
0.147422
0.103097
0.144239
0.138342
0.110585
0.110585
0.072723
0.084385
0.084385
0.060768
0.039836
0.050060
0.038599
0.038599
0.038599
0.046377
0.036115
0.036115
0.031090
0.034662
0.027037
0.027037
0.027037
0.036101
0.022577
0.030354
0.030354
0.024880
0.012097
0.012097
0.026448
0.031912
0.011037
0.011037
0.012403
0.012403
0.012075
-0.008305
-0.008305
-0.010514
-0.010514
0.007024
0.007024
0.021663
0.023148
0.014562
0.014741
0.009664
0.009759
0.009759
0.014270
-0.004153
0.017585
0.017585
0.007361
0.007361
0.011835
0.011835
0.025983
0.025983
0.009107
0.022248
0.022248
0.061753
0.061753
0.049912
0.067270
0.070100
0.070100
0.070100
0.057925
0.057925
0.053741
0.059904
0.068693
0.068693
0.082909
0.082909
0.091232
0.091232
0.076501
0.076501
0.087102
0.087102
0.068880
0.068880
0.066244
0.046788
0.052862
0.052862
0.052862
0.051248
0.051599
0.051599
0.052509
0.066303
0.064578
0.057447
0.061840
0.070135
0.070135
0.061990
0.062867
0.059622
0.059622
0.049902
0.042564
0.056689
0.056689
0.058673
0.043201
0.043201
0.061642
0.066661
0.066661
0.098862
0.098862
0.142419
0.142419
0.135813
0.131021
0.131021
0.153148
0.133668
0.133668
0.133668
0.114192
0.132265
0.132265
0.129815
0.129815
0.129815
0.153074
0.153074
0.160417
0.160417
0.162593
0.162593
0.162593
0.153252
0.155912
0.155912
0.155912
0.155912
0.156720
0.156720
0.156720
0.156720
0.156720
0.156720
0.156720
0.156720
0.167967
0.167967
0.167967
0.167967
0.167967
0.167967
0.167967
0.167967
0.167967
0.143015
0.143015
0.143015
0.143015
0.143015
0.143015
0.143015
0.143015
0.143015
0.143015
0.143015
0.158986
0.158986
0.158986
0.158986
0.158986
0.158986
0.158986
0.158986
0.116153
0.116153
0.116153
0.116153
0.116153
0.116153
0.116153
0.116153
0.114361
0.114361
0.088614
0.088614
0.088614
0.111031
0.111031
0.111031
0.078252
0.062079
0.062079
0.078548
0.045958
0.050163
0.050163
0.042899
0.040757
0.040757
0.047932
0.047932
0.047932
0.043605
0.051858
0.045975
0.088234
0.137415
0.138496
0.138496
0.105554
0.105554
0.143997
0.143997
0.143997
0.143997
0.133903
0.133903
0.139066
0.139066
0.113288
0.113288
0.132100
0.132100
0.132100
0.153355
0.156899
0.156899
0.156899
0.080978
0.080978
0.080978
0.116942
0.116942
0.085663
0.085663
0.109066
0.105781
0.105781
0.117498
0.117498
0.117498
0.126593
0.126593
0.126593
0.119705
0.119705
0.119705
0.119705
0.124351
0.124351
0.124351
0.124351
0.113769
0.117230
0.117230
0.147922
0.121780
0.118751
0.136387
0.136387
0.078025
0.078025
0.080109
0.080109
0.096791
0.072669
0.072669
0.096974
0.077445
0.077445
0.077445
0.080716
0.096316
0.096316
0.096316
0.082318
0.082318
0.077784
0.096157
0.088133
0.080163
0.104901
0.104901
0.099255
0.093321
0.093321
0.123123
0.123900
0.097523
0.117644
0.117644
0.123316
0.123316
0.123316
0.123573
0.139987
0.118648
0.118648
0.154808
0.154808
0.136900
0.111569
0.140554
0.140554
0.112671
0.128928
0.128928
0.128584
0.128584
0.094218
0.097628
0.104783
0.104783
0.094394
0.073213
0.073213
0.079573
0.080519
0.069349
0.079176
0.079176
0.083315
0.107825
0.065128
0.065128
0.085157
0.099875
0.074714
0.074714
0.081832
0.105601
0.101392
0.075784
0.075784
0.111340
0.078104
0.058843
0.058843
0.058605
0.058605
0.051932
0.050283
0.050283
0.050283
0.050283
0.043695
0.059834
0.059834
0.059834
0.063773
0.080433
0.073244
0.073244
0.118217
0.118217
0.065024
0.065024
0.079934
0.064957
0.052541
0.053582
0.074553
0.074553
0.057176
0.058265
0.080514
0.080514
0.080319
0.072048
0.077194
0.077194
0.095380
0.095380
0.085599
0.085599
0.088481
0.088481
0.059605
0.050787
0.050787
0.055154
0.055154
0.055154
0.064343
0.064343
0.057188
0.073833
0.062882
0.062882
0.105601
0.105601
0.073757
0.073757
0.073982
0.073982
0.085292
0.085292
0.080574
0.061680
0.044193
0.044193
0.043305
0.047669
0.052283
0.052283
0.053129
0.053129
0.081454
0.081454
0.094247
0.111371
0.125754
0.072502
0.072502
0.072502
0.084739
0.139374
0.139374
0.113980
0.092739
0.097757
0.108074
0.105915
0.110476
0.080385
0.080385
0.073958
0.073958
0.067273
0.067273
0.062283
0.070578
0.070578
0.087989
0.061483
0.058988
0.055099
0.057176
0.057176
0.062468
0.048316
0.048316
0.057883
0.057883
0.072850
0.072850
0.078774
0.080022
0.096427
0.100517
0.100517
0.100517
0.105701
0.078720
0.074763
0.121462
0.069282
0.069282
0.056864
0.072250
0.072250
0.050563
0.050563
0.033606
0.032547
0.032547
0.032547
0.034761
0.029113
0.030869
0.030869
0.033268
0.027879
0.027879
0.028965
0.028965
0.023134
0.013863
0.013863
0.017064
0.015679
0.015679
-0.050791
-0.061905
-0.069983
-0.117033
-0.117174
-0.084847
-0.084847
-0.091403
-0.091403
-0.084110
-0.019961
-0.019961
-0.019961
0.014857
0.014857
0.014857
0.035388
0.022756
0.020283
0.020283
0.009415
0.020075
0.020075
0.026652
0.030190
0.024533
0.024533
0.027992
0.027992
0.026998
0.026998
0.028559
0.029799
0.024564
0.025504
0.035277
0.035277
0.032329
0.032329
0.041305
0.052770
0.052770
0.039048
0.052703
0.074059
0.056479
0.056479
0.056479
0.067088
0.067088
0.067088
0.080978
0.085498
0.085498
0.106979
0.115038
0.107741
0.103459
0.103459
0.133179
0.100377
0.100377
0.115047
0.134157
0.146221
0.098493
0.130774
0.130774
0.132683
0.091135
0.091135
0.111255
0.111255
0.101017
0.094617
0.132194
0.113080
0.113080
0.087361
0.087361
0.087361
0.115792
0.115792
0.096214
0.096214
0.099495
0.099495
0.105832
0.105832
0.100513
0.100513
0.121505
0.121505
0.104928
0.104928
0.104928
0.123630
0.123630
0.088454
0.088454
0.066127
0.051352
0.063882
0.063882
0.062970
0.053381
0.079752
0.079752
0.084822
0.072321
0.072796
0.072796
0.072796
0.103079
0.103079
0.079036
0.079036
0.084643
0.057428
0.057428
0.052798
0.079086
0.079086
0.055703
0.043943
0.043943
0.087239
0.049511
0.049511
0.069977
0.069977
0.069977
0.078553
0.078553
0.058794
0.076988
0.076988
0.075696
0.100130
0.102845
0.102845
0.075972
0.078025
0.078025
0.078025
0.104797
0.104797
0.076087
0.078373
0.078373
0.066366
0.066366
0.059408
0.064573
0.064573
0.064573
0.064874
0.064874
0.069464
0.054062
0.054051
0.088481
0.088481
0.088481
0.060772
0.086045
0.086045
0.086045
0.054055
0.054055
0.072649
0.072649
0.055563
0.057633
0.057633
0.056744
0.061062
0.061062
0.057025
0.057025
0.063014
0.063014
0.051178
0.060161
0.057967
0.057967
0.056577
0.062612
0.062612
0.060473
0.060473
0.055054
0.054518
0.073829
0.053582
0.053582
0.049871
0.059453
0.060410
0.056356
0.056356
0.071976
0.055035
0.055035
0.063543
0.063543
0.070631
0.068614
0.068614
0.072266
0.075183
0.077604
0.077604
0.076535
0.077169
0.077169
0.085842
0.077291
0.067775
0.067775
0.079304
0.079304
0.066362
0.066362
0.073275
0.073275
0.077594
0.057819
0.066244
0.066244
0.069509
0.054044
0.056395
0.078344
0.061816
0.053319
0.053319
0.053319
0.067824
0.067824
0.067882
0.064508
0.064508
0.061494
0.084096
0.073395
0.070044
0.070044
0.073564
0.064897
0.073547
0.069647
0.080455
0.063005
0.063005
0.075864
0.084827
0.084827
0.060897
0.066423
0.076744
0.085634
0.061382
0.066603
0.066603
0.074422
0.074422
0.058030
0.058030
0.058030
0.092971
0.092971
0.092971
0.059668
0.059668
0.074838
0.074838
0.079617
0.072561
0.072433
0.072433
0.066362
0.077001
0.067066
0.067066
0.067066
0.077277
0.072629
0.072629
0.065313
0.085533
0.084862
0.081485
0.066362
0.074759
0.101023
0.101023
0.069662
0.069662
0.075255
0.092508
0.106323
0.082037
0.117465
0.117465
0.091611
0.064149
0.089022
0.091476
0.091476
0.071793
0.063712
0.063712
0.073955
0.073733
0.058673
0.051606
0.060725
0.060725
0.053293
0.045718
0.045718
0.056696
0.056696
0.061159
0.061173
0.049213
0.071904
0.071904
0.054525
0.082542
0.082542
0.076553
0.076553
0.062488
0.062488
0.080444
0.071220
0.071220
0.071220
0.086220
0.089075
0.085099
0.085099
0.075808
0.116921
0.086910
0.086910
0.074578
0.103527
0.103527
0.116065
0.088886
0.109449
0.109449
0.108143
0.094526
0.094526
0.098749
0.098749
0.085157
0.085157
0.067569
0.067569
0.067569
0.054972
0.054972
0.065024
0.068135
0.114311
0.096610
0.096610
0.084000
0.115744
0.115744
0.097230
0.114987
0.110732
0.110732
0.093204
0.093204
0.119497
0.094361
0.094361
0.079618
0.101369
0.091535
0.091535
0.078373
0.098511
0.091377
0.091377
0.076618
0.076618
0.090599
0.087602
0.093221
0.093221
0.072512
0.085635
0.085635
0.094631
0.078785
0.078785
0.134087
0.082519
0.082519
0.113372
0.113372
0.131023
0.131023
0.084751
0.116739
0.120199
0.120199
0.079129
0.107656
0.124093
0.124093
0.124093
0.084957
0.084957
0.121447
0.109015
0.107071
0.107071
0.094128
0.094987
0.113574
0.113574
0.102917
0.102917
0.102917
0.097258
0.106146
0.102845
0.102845
0.086501
0.100254
0.100254
0.103847
0.103847
0.088831
0.094603
0.135452
0.135452
0.085842
0.085842
0.119282
0.105509
0.087737
0.090261
0.137612
0.137612
0.102684
0.102433
0.102433
0.119652
0.133647
0.133647
0.097120
0.109974
0.109974
0.124092
0.124092
0.118965
0.132810
0.132810
0.126648
0.126648
0.122670
0.122670
0.114287
0.114287
0.138309
0.104810
0.104810
0.111563
0.081037
0.093830
0.093830
0.103608
0.077049
0.119442
0.096897
0.096897
0.096897
0.068700
0.068700
0.110217
0.065191
0.071378
0.098868
0.098868
0.071331
0.069729
0.069729
0.089803
0.081097
0.066725
0.066725
0.093487
0.108531
0.079978
0.079978
0.058549
0.058549
0.108118
0.105539
0.069954
0.079261
0.079261
0.075384
0.075384
0.066666
0.091912
0.091912
0.067522
0.064227
0.075109
0.075109
0.082350
0.082350
0.068055
0.080385
0.076501
0.076939
0.076939
0.076939
0.075161
0.075161
0.079262
0.075503
0.075503
0.092882
0.092882
0.087483
0.072507
0.072507
0.087238
0.079529
0.079529
0.089215
0.089215
0.066065
0.077557
0.077557
0.088612
0.088612
0.075024
0.090324
0.090324
0.088858
0.062969
0.062969
0.088161
0.088161
0.106181
0.065176
0.082077
0.076917
0.076917
0.073881
0.073881
0.108383
0.108383
0.098019
0.073930
0.084023
0.106012
0.097135
0.097135
0.079709
0.118383
0.092873
0.092873
0.085946
0.131339
0.117934
0.091724
0.091724
0.108709
0.094422
0.087164
0.083478
0.083478
0.128435
0.128435
0.092181
0.094158
0.118810
0.118810
0.118810
0.093088
0.099372
0.124286
0.124286
0.096865
0.096865
0.096865
0.113731
0.113731
0.074162
0.077182
0.074551
0.108831
0.108831
0.076599
0.063955
0.104810
0.104810
0.082699
0.078009
0.111308
0.105585
0.069932
0.081941
0.081941
0.109951
0.109951
0.069216
0.069216
0.083239
0.083239
0.083714
0.082793
0.097251
0.097251
0.097251
0.075087
0.089131
0.089131
0.088830
0.088830
0.095672
0.113696
0.113696
0.073723
0.065948
0.065948
0.100397
0.100397
0.106210
0.106210
0.106210
0.077014
0.121636
0.071511
0.062387
0.113847
0.082158
0.082158
0.071038
0.079484
0.079484
0.098368
0.088450
0.088450
0.079978
0.103957
0.098392
0.098392
0.072871
0.092181
0.092181
0.111633
0.076483
0.095285
0.095285
0.102577
0.086083
0.094188
0.094188
0.112910
0.080065
0.083007
0.118810
0.118810
0.094526
0.094526
0.106490
0.106490
0.102861
0.091045
0.091045
0.094290
0.090887
0.100887
0.094987
0.094987
0.099875
0.099123
0.099123
0.105931
0.106962
0.106962
0.085191
0.085191
0.085732
0.110034
0.123769
0.070079
0.070079
0.070079
0.121695
0.121695
0.121695
0.078198
0.078198
0.078198
0.098343
0.098343
0.098343
0.078285
0.078285
0.088831
0.100383
0.100383
0.085806
0.088804
0.083850
0.083850
0.103472
0.095118
0.082103
0.082103
0.082103
0.076833
0.076833
0.076833
0.116065
0.069719
0.086492
0.078996
0.078996
0.080574
0.088506
0.088506
0.078816
0.101014
0.101014
0.101014
0.071957
0.077899
0.088885
0.088858
0.076087
0.079041
0.079041
0.076122
0.074266
0.091972
0.078905
0.090931
0.082184
0.087164
0.087164
0.072756
0.086428
0.076072
0.072829
0.085935
0.085935
0.090931
0.090931
0.090931
0.066184
0.066184
0.075402
0.107433
0.079931
0.075372
0.081791
0.081791
0.082890
0.079934
0.082103
0.082103
0.091806
0.069093
0.069093
0.095309
0.095309
0.083789
0.071090
0.071090
0.093694
0.091069
0.064155
0.095213
0.097891
0.085020
0.069349
0.097634
0.097634
0.097634
0.080787
0.080787
0.079573
0.072743
0.091183
0.083751
0.071386
0.071386
0.078736
0.088309
0.086420
0.086420
0.082269
0.076882
0.091201
0.091201
0.078064
0.082173
0.082173
0.084640
0.073958
0.091818
0.091818
0.074007
0.081412
0.081412
0.102577
0.102577
0.077133
0.080385
0.072066
0.072066
0.081350
0.073600
0.075696
0.075696
0.072467
0.077445
0.077445
0.082735
0.082735
0.072157
0.064167
0.064889
0.063747
0.077229
0.081847
0.058944
0.077277
0.077277
0.080078
0.052544
0.052544
0.090707
0.087948
0.087948
0.063807
0.063612
0.070618
0.073297
0.074032
0.075853
0.076320
0.068483
0.069549
0.067775
0.070354
0.065248
0.059588
0.059588
0.061165
0.061165
0.055200
0.056840
0.050485
0.050485
0.060999
0.060144
0.054482
0.054482
0.054482
0.062147
0.062147
0.062147
0.047515
0.047515
0.047515
0.062051
0.046091
0.055008
0.055008
0.047965
0.047965
0.074551
0.055783
0.058176
0.058176
0.074794
0.051312
0.048078
0.048150
0.044970
0.044970
0.044317
0.036387
0.036387
0.030652
0.030652
0.036844
0.019230
0.026110
0.026110
0.035221
0.012398
0.030191
0.030191
0.034025
0.018070
0.022849
0.022849
0.030940
0.030940
0.015059
0.015059
0.023698
0.021183
0.021183
-0.024381
-0.024725
-0.034625
-0.034625
-0.042511
-0.045501
-0.062721
-0.062721
-0.038063
-0.038645
-0.038645
-0.025713
-0.025713
0.005417
0.020797
0.020797
0.019306
0.019306
0.025597
0.025597
0.025597
0.045987
0.045987
0.045987
0.045987
0.051943
0.077062
0.069954
0.105882
0.105882
0.101473
0.071090
0.123835
0.123835
0.116506
0.116506
0.098137
0.174747
0.174747
0.147370
0.147370
0.170502
0.176892
0.175466
0.175466
0.175466
0.125397
0.129155
0.129155
0.087027
0.087027
0.087027
0.120452
0.105148
0.084312
0.117001
0.099748
0.103054
0.103054
0.103054
0.137465
0.074370
0.074370
0.091270
0.091270
0.133465
0.133465
0.080438
0.167022
0.167022
0.102433
0.112874
0.147621
0.147621
0.130414
0.104847
0.104847
0.130319
0.153519
0.152311
0.118350
0.153680
0.153680
0.132947
0.111536
0.111536
0.156910
0.150814
0.150814
0.100380
0.166842
0.166842
0.145459
0.145459
0.138434
0.138434
0.169002
0.105733
0.105733
0.113377
0.136565
0.145908
0.114278
0.114278
0.114278
0.154084
0.154084
0.131894
0.131894
0.131894
0.137019
0.137019
0.138265
0.138265
0.112443
0.112443
0.118201
0.109714
0.107895
0.107895
0.109712
0.109712
0.109712
0.093135
0.093135
0.093135
0.081507
0.081507
0.086187
0.081601
0.081601
0.086742
0.086742
0.101700
0.101700
0.079616
0.087084
0.087084
0.088885
0.085189
0.085189
0.079133
0.080069
0.089878
0.089878
0.088026
0.083007
0.091580
0.093024
0.128056
0.083606
0.083606
0.085601
0.122505
0.090909
0.090909
0.073200
0.085971
0.106176
0.092047
0.102669
0.102669
0.106289
0.083007
0.094526
0.094526
0.108685
0.093221
0.093221
0.093221
0.083218
0.083218
0.097907
0.089081
0.076058
0.076058
0.092660
0.106448
0.106448
0.066906
0.076618
0.076618
0.096670
0.073652
0.092315
0.092315
0.093821
0.093821
0.081266
0.082699
0.088068
0.088068
0.088068
0.097763
0.097763
0.084786
0.088426
0.088426
0.086349
0.093704
0.081485
0.082813
0.084449
0.097523
0.097523
0.081089
0.064601
0.064601
0.121518
0.079618
0.068636
0.068636
0.082334
0.095903
0.095903
0.096913
0.096913
0.105484
0.105484
0.081982
0.066833
0.100641
0.100641
0.063444
0.063444
0.078460
0.091476
0.091476
0.084231
0.084231
0.088454
0.084816
0.093041
0.067147
0.067147
0.102967
0.102967
0.085185
0.062478
0.106394
0.076320
0.076320
0.072359
0.113866
0.113866
0.072751
0.072751
0.066603
0.093861
0.096540
0.085362
0.074214
0.107115
0.081941
0.081941
0.086879
0.082327
0.082327
0.090413
0.079888
0.079888
0.086259
0.086259
0.079934
0.079934
0.086428
0.086428
0.086428
0.084513
0.084513
0.088285
0.088285
0.088285
0.095814
0.095814
0.068489
0.068489
0.096288
0.096288
0.083104
0.083104
0.087901
0.081809
0.085633
0.092394
0.063505
0.068300
0.068300
0.096921
0.096921
0.064736
0.081507
0.081507
0.088039
0.088039
0.074865
0.074865
0.074865
0.081257
0.073647
0.070379
0.070379
0.076516
0.080745
0.080745
0.076303
0.069234
0.069234
0.069234
0.073289
0.077860
0.067577
0.067573
0.071599
0.084667
0.080246
0.066244
0.066244
0.092470
0.092470
0.063512
0.063179
0.066783
0.066783
0.062891
0.062891
0.068398
0.080851
0.080851
0.084733
0.076687
0.076687
0.079618
0.092276
0.092276
0.074779
0.081350
0.085259
0.085327
0.085327
0.073182
0.097135
0.097135
0.097135
0.082008
0.112037
0.094749
0.094749
0.064124
0.118062
0.118062
0.097984
0.078332
0.078332
0.098273
0.099133
0.099133
0.068135
0.068135
0.118217
0.063164
0.063164
0.063164
0.082851
0.081914
0.081914
0.071683
0.074292
0.074292
0.079665
0.079665
0.060363
0.060363
0.089345
0.089345
0.061568
0.073805
0.103677
0.072030
0.072030
0.068124
0.091806
0.091806
0.067205
0.067205
0.070216
0.093454
0.093454
0.073267
0.080289
0.083813
0.071291
0.071291
0.084133
0.093255
0.093255
0.072575
0.078905
0.078905
0.073979
0.073979
0.082968
0.081021
0.081021
0.086794
0.086794
0.074916
0.097265
0.097265
0.095955
0.077916
0.089293
0.089293
0.103578
0.066127
0.066127
0.086396
0.116153
0.116153
0.116153
0.066840
0.111051
0.111051
0.073275
0.078998
0.078998
0.090568
0.083440
0.083440
0.071511
0.071511
0.092142
0.092142
0.085531
0.085531
0.084857
0.084857
0.076696
0.069076
0.089246
0.089246
0.069189
0.070813
0.070813
0.070813
0.101400
0.076336
0.057158
0.064453
0.089757
0.089757
0.069150
0.103880
0.103880
0.103880
0.074165
0.071670
0.084112
0.084112
0.100877
0.100877
0.087453
0.087453
0.098515
0.098515
0.084988
0.062754
0.062754
0.111595
0.072012
0.072012
0.062806
0.082133
0.075154
0.066185
0.066185
0.105570
0.080255
0.080255
0.080255
0.107001
0.077266
0.077266
0.080211
0.101026
0.101026
0.077472
0.083440
0.087437
0.087437
0.087881
0.087881
0.099263
0.091872
0.085224
0.081131
0.081131
0.080423
0.092873
0.114501
0.082738
0.088940
0.120432
0.120432
0.120432
0.087678
0.079483
0.086587
0.086587
0.092508
0.072702
0.072702
0.134257
0.134257
0.074654
0.074654
0.127952
0.128435
0.128435
0.084485
0.084485
0.103405
0.101032
0.107301
0.107301
0.116827
0.116827
0.112992
0.080207
0.133329
0.133329
0.089903
0.070518
0.069349
0.136297
0.084988
0.084988
0.060068
0.151747
0.151747
0.128535
0.060630
0.060630
0.136546
0.136546
0.093253
0.065191
0.114224
0.099007
0.099007
0.070703
0.070703
0.070703
0.131785
0.066302
0.066302
0.097999
0.115306
0.110628
0.070384
0.083222
0.117717
0.117717
0.116241
0.116241
0.074654
0.088133
0.123512
0.123512
0.084212
0.091879
0.107001
0.107001
0.076303
0.107372
0.117608
0.117608
0.117608
0.071135
0.071135
0.095049
0.094025
0.094025
0.092162
0.120087
0.120087
0.082753
0.082753
0.082008
0.114153
0.104823
0.104823
0.078111
0.112240
0.112240
0.123021
0.075132
0.075132
0.075132
0.129675
0.129675
0.084842
0.084842
0.084842
0.111903
0.098996
0.098996
0.098133
0.096191
0.096191
0.100380
0.108890
0.108890
0.088940
0.088154
0.127004
0.127004
0.108915
0.108915
0.084811
0.084811
0.133296
0.133296
0.133296
0.088055
0.073652
0.073652
0.073652
0.130014
0.130014
0.130014
0.088831
0.141652
0.090976
0.130529
0.112820
0.102052
0.102052
0.126322
0.086637
0.078320
0.102691
0.114792
0.114792
0.095726
0.080844
0.080844
0.094172
0.122461
0.093805
0.093805
0.093805
0.090087
0.107362
0.079924
0.079924
0.097388
0.097388
0.087931
0.105335
0.116332
0.116332
0.081228
0.081228
0.098372
0.136053
0.082929
0.082929
0.071205
0.094304
0.111264
0.111264
0.087164
0.093321
0.093321
0.093640
0.090572
0.090572
0.091859
0.091859
0.091859
0.072649
0.072649
0.102983
0.101923
0.101923
0.077860
0.077860
0.091113
0.117450
0.117450
0.095617
0.095617
0.111601
0.111601
0.111601
0.072817
0.096905
0.096905
0.096905
0.069539
0.069539
0.089781
0.089781
0.078691
0.078691
0.096653
0.074921
0.074921
0.080246
0.088154
0.088154
0.085532
0.085532
0.083789
0.094040
0.094040
0.076008
0.076008
0.078292
0.078292
0.077766
0.077766
0.076516
0.076516
0.103182
0.070980
0.092829
0.092829
0.088614
0.063719
0.063719
0.089605
0.080617
0.080617
0.067833
0.088777
0.105654
0.105654
0.079078
0.073761
0.121071
0.121071
0.102047
0.081080
0.081080
0.081080
0.090595
0.099127
0.084175
0.077060
0.077060
0.077060
0.077766
0.061556
0.061556
0.072934
0.077899
0.077899
0.079484
0.075544
0.075544
0.057054
0.070578
0.114781
0.114781
0.069786
0.064124
0.064124
0.090125
0.085975
0.070216
0.070216
0.072103
0.095543
0.089795
0.089795
0.068643
0.081684
0.077813
0.068738
0.068738
0.106772
0.106772
0.063726
0.082891
0.082891
0.096889
0.096889
0.060713
0.060713
0.087256
0.074578
0.074578
0.064463
0.070211
0.100885
0.081613
0.072966
0.072966
0.072966
0.083160
0.074972
0.074972
0.074972
0.090378
0.090378
0.078991
0.084127
0.084127
0.073743
0.073743
0.080525
0.080525
0.082891
0.082891
0.079262
0.096427
0.084185
0.084185
0.070427
0.083065
0.107715
0.065717
0.065717
0.090887
0.090887
0.076220
0.076220
0.074834
0.075183
0.088290
0.078856
0.078856
0.083065
0.084927
0.079618
0.074551
0.074551
0.079574
0.080289
0.088450
0.088450
0.080752
0.080752
0.087813
0.087813
0.075103
0.089184
0.094617
0.094617
0.077604
0.076944
0.076944
0.076944
0.081496
0.075494
0.071615
0.086524
0.086524
0.069291
0.069291
0.092162
0.078119
0.070535
0.070535
0.096025
0.074656
0.074656
0.076320
0.091341
0.091341
0.073073
0.073073
0.071135
0.097050
0.097050
0.081954
0.081954
0.069606
0.069606
0.112004
0.058136
0.058136
0.094085
0.094085
0.070647
0.070647
0.060379
0.117135
0.112619
0.112619
0.088539
0.112508
0.073485
0.073485
0.065534
0.098862
0.074786
0.074786
0.073912
0.073912
0.073912
0.089928
0.073403
0.073403
0.079618
0.079618
0.079618
0.091067
0.091067
0.091067
0.091067
0.089184
0.072502
0.087822
0.088126
0.088126
0.056099
0.056099
0.099129
0.110188
0.062181
0.062181
0.098004
0.098004
0.087842
0.060535
0.090204
0.090204
0.087422
0.063895
0.090252
0.090252
0.092373
0.068500
0.077014
0.080337
0.097646
0.080022
0.080022
0.069141
0.098504
0.088666
0.088666
0.066541
0.076254
0.076254
0.093704
0.055503
0.083751
0.083751
0.126087
0.060363
0.060363
0.076237
0.111804
0.072796
0.072796
0.072796
0.106604
0.086794
0.086794
0.081684
0.076736
0.089377
0.083963
0.083963
0.083218
0.083218
0.093304
0.093304
0.093304
0.087178
0.087178
0.087178
0.089866
0.089866
0.089866
0.089866
0.098207
0.098207
0.093024
0.093024
0.082638
0.105191
0.102076
0.102076
0.121301
0.072892
0.072892
0.102420
0.102420
0.094232
0.090197
0.090197
0.102541
0.101769
0.091049
0.075256
0.080562
0.096409
0.096409
0.069084
0.069084
0.069084
0.092179
0.079528
0.079528
0.067747
0.083449
0.083449
0.117749
0.090484
0.098372
0.095333
0.090484
0.092354
0.094470
0.094470
0.109392
0.102311
0.081089
0.095726
0.109340
0.088777
0.088777
0.073191
0.113312
0.106959
0.078778
0.081485
0.084927
0.084927
0.082184
0.082184
0.076550
0.076550
0.119807
0.119807
0.119807
0.070410
0.070410
0.070410
0.113980
0.113980
0.107896
0.100629
0.100629
0.061790
0.061790
0.125695
0.112207
0.059424
0.059424
0.110435
0.091000
0.066482
0.076944
0.076944
0.100381
0.100381
0.076203
0.076203
0.068564
0.086083
0.079351
0.070248
0.071291
0.071291
0.093861
0.057841
0.057841
0.101020
0.101020
0.075656
0.061483
0.091588
0.071885
0.071885
0.064732
0.064732
0.087931
0.061830
0.061830
0.071171
0.076667
0.073700
0.062560
0.087102
0.087102
0.073829
0.073829
0.070216
0.080629
0.082342
0.082342
0.076467
0.067276
0.067276
0.102958
0.071522
0.068385
0.068385
0.088239
0.088239
0.087940
0.087940
0.072120
0.087300
0.087300
0.065889
0.071975
0.071975
0.083168
0.072175
0.089631
0.089631
0.090348
0.091982
0.070479
0.077775
0.077775
0.077775
0.086199
0.089665
0.086017
0.086017
0.100002
0.081834
0.081834
0.076667
0.094380
0.094380
0.077766
0.094128
0.094128
0.084643
0.076012
0.069943
0.083765
0.078728
0.070856
0.084312
0.090188
0.090188
0.074062
0.078350
0.078350
0.100379
0.082987
0.077361
0.077361
0.089108
0.089108
0.089108
0.072987
0.072987
0.084650
0.071315
0.071315
0.078820
0.078820
0.079351
0.079351
0.079351
0.079082
0.079082
0.074759
0.085224
0.080156
0.095261
0.093070
0.093070
0.074810
0.074810
0.074814
0.074814
0.070397
0.075554
0.084195
0.084195
0.076707
0.090525
0.086805
0.086805
0.072601
0.084393
0.084393
0.081360
0.081360
0.080385
0.080385
0.079352
0.079352
0.079352
0.081567
0.087708
0.087708
0.084258
0.084258
0.084258
0.073728
0.073728
0.072575
0.085566
0.085566
0.114758
0.073138
0.053383
0.065829
0.106829
0.106829
0.091292
0.091292
0.091292
0.072575
0.115579
0.070124
0.070124
0.074656
0.074656
0.079394
0.079394
0.079394
0.082678
0.092610
0.088177
0.088177
0.080766
0.102789
0.102789
0.102789
0.070799
0.070799
0.070799
0.106014
0.106014
0.062509
0.078517
0.102934
0.072269
0.077472
0.077472
0.109471
0.109471
0.109471
0.073933
0.094408
0.087120
0.109849
0.109849
0.073905
0.071687
0.102433
0.076969
0.076969
0.071079
0.071079
0.071079
0.099246
0.077775
0.076336
0.076336
0.093053
0.073388
0.073388
0.098207
0.081548
0.088559
0.088559
0.091590
0.096176
0.100760
0.084556
0.082832
0.082832
0.116244
0.116244
0.090301
0.090301
0.090301
0.083380
0.097120
0.097120
0.080428
0.106539
0.085946
0.085946
0.083104
0.102942
0.102942
0.078785
0.078785
0.087195
0.093923
0.093923
0.091447
0.096288
0.093836
0.093836
0.103890
0.087331
0.087331
0.087331
0.102496
0.092027
0.092027
0.086910
0.099748
0.092545
0.090293
0.086742
0.086742
0.084421
0.084421
0.095418
0.095876
0.095876
0.082832
0.082832
0.107614
0.077784
0.083975
0.083975
0.110359
0.110359
0.080709
0.083961
0.098993
0.092087
0.092087
0.085122
0.096889
0.096889
0.096889
0.105648
0.084781
0.084781
0.083478
0.107209
0.107209
0.092220
0.079484
0.079484
0.098755
0.098755
0.082254
0.082254
0.085260
0.085260
0.088913
0.091384
0.091384
0.102534
0.088619
0.088619
0.091157
0.113520
0.102669
0.102669
0.082852
0.082852
0.084294
0.084294
0.112408
0.112408
0.114832
0.107629
0.107629
0.065653
0.065653
0.095845
0.085159
0.091292
0.091292
0.125173
0.125173
0.068715
0.078414
0.078414
0.087619
0.074603
0.074603
0.081927
0.102413
0.102413
0.084585
0.084585
0.101014
0.090308
0.090308
0.076736
0.081507
0.108793
0.096195
0.070135
0.070135
0.106772
0.121490
0.121490
0.068385
0.068385
0.068385
0.114594
0.114594
0.096644
0.096644
0.103977
0.128928
0.070453
0.085328
0.082678
0.082678
0.081196
0.092100
0.092100
0.092100
0.088506
0.104731
0.104731
0.087466
0.097994
0.097994
0.086012
0.086012
0.103227
0.103227
0.100000
0.100000
0.088154
0.111870
0.111870
0.091227
0.120753
0.112439
0.112439
0.089631
0.110920
0.110920
0.084023
0.089428
0.089428
0.111804
0.111804
0.075125
0.080294
0.107404
0.106772
0.086972
0.086972
0.101008
0.090572
0.090572
0.090887
0.091548
0.091548
0.093006
0.096644
0.092258
0.092258
0.092258
0.100639
0.104272
0.095953
0.068578
0.068578
0.068578
0.095584
0.095584
0.095584
0.067276
0.067276
0.100380
0.087256
0.087256
0.080466
0.073365
0.075001
0.075001
0.075001
0.074214
0.080028
0.082439
0.064052
0.069579
0.079483
0.068013
0.068013
0.082851
0.082851
0.079086
0.069093
0.095056
0.095056
0.095056
0.070743
0.066067
0.077969
0.077969
0.066185
0.066185
0.066185
0.082350
0.082350
0.052862
0.052862
0.082581
0.069181
0.060830
0.067752
0.093774
0.093774
0.093774
0.073073
0.073073
0.065077
0.088018
0.088018
0.100624
0.083509
0.068352
0.089456
0.094749
0.094749
0.072601
0.072601
0.066784
0.070620
0.070620
0.060662
0.059344
0.081155
0.074525
0.072340
0.072340
0.083802
0.083802
0.072829
0.064499
0.104837
0.104837
0.110388
0.110388
0.085430
0.144962
0.144962
0.120866
0.120866
0.120866
0.134257
0.117836
0.114311
0.129770
0.129770
0.097768
0.124832
0.124832
0.112812
0.112812
0.096278
0.090999
0.079888
0.110703
0.102684
0.102684
0.085942
0.103257
0.088885
0.088885
0.071276
0.074861
0.076480
0.055402
0.055402
0.054020
0.064744
0.064744
0.042749
0.042749
0.042164
0.056111
0.056111
0.042948
0.034007
0.034007
0.051873
0.051873
0.030499
0.024625
0.024625
0.014042
0.014042
-0.027284
-0.010347
-0.010347
-0.001233
0.019958
0.032498
0.037468
0.037468
0.044174
0.076155
0.076155
0.076155
0.078097
0.078097
0.072193
0.082872
0.063436
0.063436
0.091308
0.085498
0.077718
0.077472
0.069943
0.069330
0.062570
0.070509
0.065771
0.065771
0.065771
0.091958
0.091958
0.073267
0.079934
0.116329
0.116329
0.101032
0.101032
0.099621
0.099621
0.088804
0.088804
0.098137
0.088370
0.066965
0.052541
0.052541
0.043605
0.053350
0.052192
0.047334
0.050526
0.050526
0.040394
0.040394
0.033619
0.029303
0.032261
0.025190
0.007978
0.013131
0.013131
0.014310
0.000966
0.000966
0.014722
0.014722
0.014722
0.015856
0.011889
0.011889
0.019843
0.019843
0.024529
0.023983
0.023983
0.037681
0.037404
0.037404
0.030425
0.030425
0.042092
0.036871
0.047876
0.047876
0.047876
0.059992
0.064752
0.064752
0.064752
0.086116
0.089965
0.089965
0.086972
0.126845
0.106065
0.119153
0.119153
0.128305
0.130327
0.130327
0.097394
0.097394
0.135982
0.135982
0.137461
0.105087
0.105087
0.096045
0.134075
0.082656
0.082656
0.082656
0.098628
0.048913
0.048913
0.044513
0.038756
0.038756
0.038681
0.038681
0.044132
0.032215
0.032215
0.037707
0.038140
0.037249
0.037249
0.046701
0.040465
0.040465
0.046594
0.046594
0.045576
0.045576
0.038656
0.038656
0.030362
0.030362
0.043380
0.043380
0.048925
0.048925
0.050199
0.050199
0.050199
0.054825
0.054825
0.050421
0.057862
0.052006
0.052006
0.055036
0.041875
0.041875
0.037500
0.037500
0.068831
0.058775
0.058775
0.058221
0.053579
0.043890
0.043890
0.030349
0.030349
0.039256
0.032216
0.032216
0.031018
0.041690
0.033272
0.033272
0.028744
0.040230
0.040230
0.046377
0.046377
0.031314
0.031314
0.034309
0.042951
0.059326
0.059326
0.078905
0.070951
0.070951
0.073623
0.073623
0.110614
0.106358
0.106358
0.067197
0.067197
0.067930
0.055946
0.051402
0.051402
0.059121
0.050217
0.044744
0.059362
0.059362
0.049985
0.049985
0.038731
0.038731
0.050348
0.050348
0.050348
0.043872
0.043872
0.046509
0.046509
0.042748
0.053946
0.053946
0.053946
0.051347
0.063118
0.063118
0.065084
0.031015
0.039377
0.039788
0.039788
0.032737
0.037988
0.046465
0.046465
0.043662
0.043662
0.055984
0.055984
0.055984
0.062029
0.083396
0.122975
0.122975
0.088148
0.101670
0.155993
0.155993
0.110196
0.110196
0.154714
0.173344
0.154751
0.154751
0.137111
0.156368
0.156368
0.108758
0.112005
0.112005
0.127761
0.127329
0.110034
0.084556
0.084556
0.095177
0.095177
0.113142
0.102047
0.102047
0.077350
0.070896
0.077746
0.077746
0.083142
0.083142
0.071135
0.069010
0.069406
0.069406
0.069406
0.069546
0.069546
0.075300
0.073395
0.073395
0.067332
0.067332
0.059900
0.059900
0.059113
0.059113
0.056799
0.056799
0.056799
0.065425
0.065425
0.060662
0.060662
0.067770
0.073350
0.089803
0.089803
0.066185
0.095273
0.083494
0.083494
0.078827
0.087256
0.100483
0.122655
0.069595
0.091838
0.091838
0.124356
0.091069
0.091069
0.077074
0.089325
0.089325
0.098128
0.091341
0.091341
0.082373
0.077709
0.090301
0.075443
0.075443
0.092335
0.084686
0.066542
0.066542
0.104440
0.114567
0.081266
0.069988
0.103411
0.103411
0.118217
0.118217
0.087300
0.126468
0.136742
0.136742
0.113520
0.113520
0.153753
0.140742
0.128485
0.125260
0.160970
0.159019
0.159019
0.159019
0.132575
0.132049
0.132049
0.107741
0.107741
0.120277
0.143979
0.143979
0.100252
0.092067
0.092067
0.151113
0.073365
0.122892
0.122892
0.138880
0.077899
0.073870
0.073870
0.109206
0.076204
0.056599
0.059598
0.070548
0.054604
0.054604
0.050125
0.055063
0.057280
0.049705
0.049705
0.046245
0.049854
0.049854
0.039586
0.043842
0.043842
0.064649
0.060508
0.066791
0.085772
0.133595
0.133595
0.109181
0.144461
0.145654
0.145654
0.139423
0.138588
0.141340
0.160325
0.160325
0.153460
0.128140
0.174346
0.173540
0.140511
0.147448
0.147448
0.148464
0.129901
0.129901
0.150286
0.150286
0.147004
0.147004
0.143017
0.144595
0.133045
0.141334
0.141334
0.135804
0.135804
0.150522
0.142027
0.127058
0.127058
0.150171
0.139669
0.109227
0.109227
0.124227
0.164704
0.164704
0.113672
0.113672
0.113672
0.150239
0.150239
0.104810
0.129665
0.101528
0.115015
0.095249
0.128535
0.128535
0.110311
0.099501
0.099501
0.130899
0.130731
0.108163
0.097012
0.116734
0.103348
0.103348
0.103348
0.079215
0.079215
0.066902
0.066902
0.053613
0.062509
0.074759
0.058158
0.055183
0.063677
0.063677
0.125627
0.125627
0.102577
0.102577
0.102577
0.128307
0.069101
0.070147
0.110378
0.110378
0.088509
0.088509
0.119953
0.119953
0.107475
0.098876
0.148345
0.148345
0.142429
0.142429
0.087940
0.087940
0.161001
0.161001
0.125971
0.097485
0.160256
0.161497
0.131503
0.151145
0.151145
0.156340
0.139575
0.139575
0.163749
0.160979
0.160979
0.147907
0.139831
0.159253
0.120055
0.120055
0.081995
0.092508
0.092508
0.092508
0.072934
0.049378
0.064633
0.064633
0.059798
0.039394
0.051170
0.062163
0.062163
0.076516
0.076516
0.078055
0.078055
0.065368
0.085395
0.085395
0.071994
0.071994
0.073094
0.073094
0.102992
0.102992
0.092642
0.090865
0.090865
0.098075
0.097734
0.097734
0.120055
0.120055
0.102163
0.079484
0.123230
0.123230
0.123230
0.107290
0.115931
0.130003
0.130003
0.122158
0.148640
0.138858
0.116109
0.116109
0.132913
0.132913
0.110062
0.097083
0.097083
0.096549
0.083102
0.050626
0.059154
0.059154
0.053905
0.058522
0.047591
0.057945
0.057945
0.072723
0.084816
0.084816
0.076935
0.074473
0.072502
0.072502
0.070180
0.066842
0.064058
0.064058
0.066658
0.076696
0.062712
0.062712
0.073501
0.095179
0.060662
0.060662
0.084756
0.084756
0.092258
0.052862
0.063414
0.080653
0.080653
0.055117
0.055117
0.060659
0.080062
0.065191
0.059557
0.059557
0.061240
0.062570
0.062570
0.055668
0.056968
0.056968
0.056968
0.056111
0.044570
0.044570
0.053775
0.053775
0.053775
0.066541
0.066541
0.041340
0.065654
0.065654
0.040422
0.049941
0.049941
0.049941
0.055090
0.087696
0.076336
0.064039
0.058093
0.058093
0.071331
0.084827
0.061544
0.064045
0.064045
0.075927
0.056705
0.056705
0.061753
0.061753
0.064190
0.064190
0.044891
0.044891
0.053800
0.043692
0.043692
0.050949
0.082930
0.049694
0.051848
0.060239
0.082793
0.065659
0.065659
0.067711
0.067711
0.101511
0.075544
0.066064
0.066064
0.071885
0.071885
0.057737
0.065251
0.065251
0.091341
0.091341
0.094498
0.094498
0.117984
0.117984
0.118965
0.118965
0.149741
0.149741
0.165000
0.139610
0.174888
0.174888
0.180342
0.180342
0.168470
0.168470
0.175186
0.175186
0.161128
0.168808
0.168808
0.145144
0.145144
0.124223
0.124223
0.124223
0.140207
0.140207
0.118018
0.139026
0.139026
0.138373
0.148960
0.148960
0.136095
0.121521
0.121521
0.135243
0.135243
0.106607
0.106607
0.087513
0.121259
0.095835
0.095835
0.096531
0.140072
0.140072
0.149302
0.090707
0.090707
0.090707
0.088361
0.088361
0.085464
0.085464
0.103411
0.103411
0.135958
0.140451
0.140451
0.165102
0.158624
0.158624
0.158624
0.137392
0.150211
0.089486
0.089486
0.138603
0.138603
0.167948
0.120089
0.120089
0.160303
0.160303
0.136607
0.101306
0.144891
0.144891
0.140029
0.140029
0.094172
0.094172
0.138157
0.115937
0.108469
0.139267
0.139267
0.085149
0.109846
0.109846
0.109846
0.121111
0.070184
0.070184
0.107524
0.079978
0.068239
0.068239
0.090820
0.090820
0.108232
0.087178
0.087178
0.065251
0.065251
0.068870
0.072012
0.072012
0.124677
0.082317
0.082317
0.067261
0.100906
0.071649
0.071649
0.064003
0.071236
0.071236
0.068257
0.070991
0.065423
0.070869
0.071020
0.071670
0.083412
0.083412
0.085601
0.085464
0.085464
0.093522
0.093522
0.113325
0.108806
0.108806
0.152392
0.169385
0.155988
0.114192
0.144094
0.144094
0.158325
0.139692
0.139423
0.144394
0.144394
0.113498
0.108273
0.108273
0.146365
0.094736
0.094736
0.120472
0.120472
0.119574
0.119574
0.119574
0.077027
0.086356
0.086356
0.086356
0.080433
0.080433
0.064856
0.077266
0.065313
0.065313
0.083924
0.075305
0.075305
0.075305
0.075305
0.067384
0.067384
0.067384
0.075233
0.075233
0.070509
0.070509
0.055081
0.062163
0.054730
0.054730
0.059272
0.059272
0.057798
0.057798
0.057798
0.062427
0.062427
0.060565
0.060565
0.060565
0.060565
0.068578
0.068578
0.068578
0.068578
0.067694
0.068436
0.070840
0.063005
0.078774
0.087464
0.087464
0.064167
0.064167
0.103988
0.104560
0.067897
0.093656
0.093656
0.102232
0.083900
0.094723
0.094723
0.084892
0.084892
0.083065
0.104585
0.080844
0.080844
0.088697
0.103968
0.104084
0.097292
0.102018
0.102018
0.094326
0.094326
0.097763
0.115761
0.080482
0.115931
0.115931
0.124289
0.097272
0.122339
0.122339
0.113693
0.113693
0.108029
0.108029
0.124094
0.124094
0.128285
0.099623
0.147664
0.109740
0.109740
0.107301
0.128484
0.140349
0.140349
0.118547
0.140925
0.140925
0.150928
0.142824
0.130937
0.130937
0.159960
0.153765
0.154243
0.132977
0.150596
0.161423
0.133427
0.146202
0.146202
0.146202
0.143609
0.123248
0.123248
0.156203
0.163805
0.163805
0.117779
0.146240
0.146240
0.154106
0.122400
0.136017
0.136017
0.136017
0.149030
0.149030
0.118472
0.137301
0.137301
0.134571
0.134571
0.111228
0.145086
0.145086
0.145631
0.147497
0.147497
0.163192
0.149777
0.149777
0.152670
0.152670
0.152670
0.138032
0.138032
0.157952
0.152906
0.152906
0.160463
0.160463
0.137705
0.144473
0.161120
0.161120
0.147409
0.147409
0.141542
0.141542
0.146110
0.135552
0.144846
0.144449
0.136695
0.136695
0.140476
0.140476
0.124542
0.103558
0.132481
0.132481
0.141244
0.121578
0.121578
0.127417
0.127417
0.097192
0.125314
0.125314
0.096104
0.080556
0.080556
0.121359
0.121359
0.083494
0.085635
0.085635
0.106640
0.108531
0.108531
0.079125
0.082223
0.113905
0.113905
0.076434
0.089631
0.089631
0.099256
0.071993
0.072541
0.076156
0.073191
0.073191
0.063651
0.075058
0.073723
0.073723
0.062943
0.087803
0.087803
0.053286
0.053286
0.054119
0.084781
0.062272
0.062272
0.062622
0.077852
0.075919
0.075919
0.072012
0.069133
0.069133
0.084412
0.068534
0.070260
0.070260
0.090076
0.081113
0.081113
0.081113
0.070564
0.070564
0.085191
0.085191
0.102836
0.108638
0.065949
0.065949
0.062091
0.062091
0.087453
0.087453
0.054553
0.054553
0.073471
0.073471
0.052638
0.052638
0.094553
0.060797
0.060797
0.043253
0.043253
0.019178
0.019178
-0.009851
-0.009851
-0.062496
-0.061498
-0.083855
-0.086352
-0.057214
-0.057214
-0.057214
0.008021
0.008021
0.027593
0.048831
0.039403
0.039403
0.046794
0.061978
0.050866
0.050866
0.055805
0.078119
0.052030
0.052030
0.044259
0.051466
0.038866
0.038866
0.038866
0.033804
0.034680
0.038453
0.041029
0.044082
0.036603
0.039745
0.038243
0.039356
0.035856
0.034728
0.043048
0.039365
0.039365
0.044911
0.072210
0.067573
0.054039
0.054039
0.081578
0.114852
0.114852
0.103628
0.097984
0.100887
0.126349
0.095453
0.095049
0.072689
0.078379
0.085293
0.115446
0.115446
0.122513
0.135054
0.143678
0.137373
0.109366
0.106904
0.130414
0.136800
0.112274
0.098128
0.100772
0.100772
0.068193
0.059209
0.056871
0.059809
0.051811
0.051019
0.056808
0.056808
0.056617
0.029888
0.034942
0.034942
0.042432
0.042432
0.062520
0.062520
0.051557
0.051367
0.051367
0.052962
0.050830
0.052508
0.052508
0.045800
0.045666
0.045666
0.044768
0.043656
0.052933
0.052933
0.048640
0.043524
0.043524
0.065594
0.054725
0.054725
0.061593
0.061593
0.072340
0.072340
0.092563
0.106031
0.106031
0.078856
0.122198
0.144276
0.144276
0.120641
0.140837
0.140837
0.154282
0.154282
0.163544
0.163544
0.158874
0.181424
0.181424
0.181424
0.165488
0.187226
0.187226
0.175757
0.175757
0.180975
0.180975
0.180975
0.185229
0.175457
0.184393
0.184393
0.166376
0.171288
0.171288
0.170263
0.149655
0.149655
0.127076
0.127076
0.087755
0.087755
0.059307
0.069067
0.050801
0.057696
0.080836
0.080836
0.070965
0.083875
0.105379
0.076037
0.076037
0.086004
0.086004
0.111536
0.111728
0.111728
0.092126
0.079796
0.080289
0.080289
0.080289
0.093156
0.111185
0.111185
0.146456
0.092727
0.092727
0.102035
0.073061
0.073061
0.073061
0.065257
0.058430
0.058430
0.062796
0.062796
0.053804
0.066184
0.066184
0.064684
0.089614
0.089614
0.056256
0.046066
0.046066
0.024882
0.033639
0.033639
0.050613
0.055348
0.048613
0.048613
0.090887
0.074865
0.074865
0.074865
0.063252
0.063252
0.072210
0.072210
0.057402
0.100877
0.100877
0.069719
0.066854
0.066854
0.041790
0.046245
0.046245
0.049423
0.046796
0.046796
0.061117
0.070743
0.093454
0.110839
0.110839
0.171352
0.171352
0.183806
0.183806
0.198474
0.203268
0.202497
0.188614
0.194722
0.194722
0.211447
0.195809
0.195809
0.195809
0.207019
0.207019
0.203355
0.198265
0.198265
0.191566
0.191566
0.189456
0.189379
0.171946
0.119017
0.119017
0.124869
0.106694
0.106694
0.093892
0.068564
0.068564
0.074995
0.109369
0.097740
0.097740
0.097740
0.117749
0.097864
0.097864
0.100767
0.088777
0.104354
0.087375
0.087375
0.089267
0.089267
0.060457
0.052157
0.052157
0.050209
0.050209
0.050209
-0.007424
-0.007424
-0.007424
0.012884
0.012884
0.012884
0.012884
0.005500
0.005500
0.005500
0.034427
0.045879
0.045879
0.047282
0.054518
0.077869
0.077869
0.077869
0.115927
0.097646
0.097646
0.103329
0.083667
0.082254
0.095974
0.111473
0.111473
0.111473
0.107635
0.113423
0.102175
0.111837
0.077869
0.055753
0.073448
0.073448
0.072012
0.060457
0.052509
0.054178
0.050830
0.039512
0.041206
0.046596
0.046596
0.045728
0.045728
0.056728
0.080072
0.080072
0.065714
0.067010
0.090707
0.090707
0.100127
0.100127
0.076618
0.083260
0.096783
0.058456
0.058456
0.078379
0.077642
0.077642
0.084981
0.082429
0.103071
0.073930
0.073930
0.068410
0.071691
0.071691
0.036909
0.039323
0.043703
0.041110
0.043245
0.043245
0.042368
0.046993
0.046993
0.057822
0.057822
0.050931
0.050931
0.057567
0.057567
0.048990
0.049094
0.057905
0.061532
0.054044
0.054044
0.059121
0.063558
0.063558
0.045745
0.045745
0.062198
0.062198
0.062198
0.067083
0.067083
0.067083
0.057523
0.057523
0.057523
0.042815
0.033766
0.033766
0.053971
0.053971
0.051811
0.051811
0.058135
0.058135
0.058135
0.062900
0.062900
0.062900
0.075212
0.075212
0.057037
0.058473
0.041631
0.046290
0.050750
0.050750
0.044655
0.049737
0.049737
0.032532
0.034316
0.043373
0.042413
0.041355
0.051663
0.066066
0.066066
0.066066
0.068050
0.068050
0.078466
0.078126
0.078126
0.099370
0.099370
0.103568
0.103568
0.127916
0.137631
0.137631
0.152168
0.152168
0.166889
0.177014
0.177014
0.167398
0.141914
0.161314
0.163197
0.154989
0.112543
0.112543
0.164223
0.160897
0.160541
0.157826
0.157826
0.164004
0.164004
0.159478
0.169348
0.169348
0.149396
0.149396
0.145875
0.162071
0.178702
0.149003
0.168869
0.168869
0.166091
0.166091
0.158659
0.157390
0.160232
0.161718
0.153505
0.158921
0.138931
0.135432
0.143601
0.123138
0.129868
0.129868
0.129868
0.129284
0.136095
0.136095
0.136095
0.117135
0.117135
0.089828
0.122126
0.122126
0.064744
0.064744
0.104040
0.066127
0.066127
0.075414
0.075414
0.103880
0.083524
0.083524
0.097870
0.117230
0.117048
0.117920
0.109633
0.123768
0.116243
0.121980
0.121980
0.140925
0.114446
0.114446
0.114446
0.133574
0.133574
0.140389
0.140686
0.140686
0.140686
0.133530
0.133530
0.159062
0.154950
0.152702
0.171868
0.171868
0.152469
0.159373
0.164595
0.164595
0.165735
0.165735
0.159142
0.149265
0.149265
0.166564
0.152693
0.152693
0.157862
0.175321
0.151575
0.151575
0.144473
0.173236
0.171038
0.165076
0.149985
0.159135
0.159135
0.171852
0.171852
0.146265
0.146265
0.162944
0.162944
0.162944
0.148946
0.159553
0.159966
0.171782
0.150293
0.150293
0.168958
0.169081
0.145724
0.145724
0.174448
0.170882
0.154425
0.168455
0.168455
0.168455
0.143212
0.143212
0.151510
0.151510
0.146147
0.146147
0.171673
0.171673
0.165250
0.142815
0.142815
0.142815
0.179578
0.170937
0.170937
0.173872
0.173872
0.172574
0.162995
0.164946
0.164946
0.180667
0.180667
0.167850
0.166307
0.166307
0.176365
0.176365
0.176365
0.170497
0.170497
0.166921
0.165158
0.165158
0.169360
0.169226
0.167929
0.168747
0.164821
0.164821
0.164821
0.162177
0.162177
0.163902
0.165793
0.162645
0.165000
0.158118
0.146962
0.146962
0.146962
0.169590
0.135200
0.135200
0.147154
0.150627
0.150627
0.145732
0.145732
0.155025
0.155025
0.156077
0.134013
0.152083
0.149571
0.158863
0.148862
0.130614
0.130614
0.141226
0.130335
0.136858
0.136858
0.132208
0.143115
0.101628
0.101628
0.138973
0.138973
0.103912
0.116242
0.116242
0.129359
0.129359
0.086533
0.142439
0.098871
0.098871
0.114514
0.114514
0.105712
0.115972
0.118519
0.117681
0.117681
0.106640
0.122208
0.122208
0.116821
0.116821
0.111197
0.128409
0.112374
0.112374
0.112374
0.125466
0.097171
0.097171
0.097171
0.139361
0.078338
0.102591
0.102591
0.147179
0.147179
0.100254
0.100254
0.124614
0.119520
0.119520
0.111104
0.111104
0.092743
0.092743
0.092103
0.094172
0.094172
0.086615
0.087726
0.078608
0.078608
0.084578
0.084578
0.099367
0.099367
0.072030
0.072030
0.099366
0.099366
0.099366
0.065143
0.079261
0.079261
0.087619
0.096176
0.096176
0.074603
0.074603
0.094232
0.076483
0.076483
0.077254
0.104022
0.122218
0.088439
0.078198
0.078198
0.095606
0.081423
0.081423
0.117439
0.117439
0.089049
0.089049
0.096889
0.107645
0.107645
0.076662
0.125724
0.097187
0.104928
0.104928
0.129108
0.080660
0.091932
0.091932
0.132153
0.132153
0.077472
0.077472
0.077472
0.127185
0.089409
0.089409
0.094232
0.094232
0.101262
0.101262
0.083142
0.083142
0.078682
0.078682
0.088234
0.085600
0.085600
0.120866
0.081350
0.104589
0.084985
0.098996
0.079574
0.079574
0.090076
0.090076
0.078645
0.078645
0.072748
0.107828
0.075896
0.075896
0.082570
0.114311
0.101647
0.101647
0.084866
0.086149
0.086149
0.098755
0.111542
0.111542
0.109232
0.109232
0.104797
0.110792
0.110792
0.115708
0.081655
0.132283
0.076588
0.076588
0.085259
0.107433
0.107433
0.107433
0.118555
0.086396
0.086396
0.120564
0.091227
0.091227
0.077946
0.118781
0.118781
0.084457
0.117096
0.121505
0.121505
0.098155
0.092432
0.092432
0.133362
0.133362
0.086836
0.094936
0.113733
0.113733
0.078736
0.091818
0.102454
0.102454
0.086774
0.086774
0.089319
0.100254
0.100254
0.082485
0.082485
0.089656
0.070056
0.070056
0.076681
0.076681
0.083802
0.076320
0.084692
0.078133
0.078133
0.095671
0.090661
0.090661
0.093438
0.093438
0.109314
0.078158
0.107169
0.115692
0.103209
0.079395
0.079395
0.119175
0.114996
0.111498
0.111498
0.121061
0.126580
0.094347
0.094347
0.100637
0.121297
0.112847
0.112847
0.127055
0.093421
0.093421
0.093421
0.087150
0.099119
0.081660
0.069339
0.081206
0.081206
0.076270
0.111768
0.087678
0.067267
0.104823
0.104823
0.098014
0.078902
0.078902
0.109336
0.089707
0.089707
0.121432
0.124353
0.124353
0.111563
0.116291
0.125517
0.123308
0.108007
0.093088
0.093088
0.093088
0.132301
0.100512
0.101145
0.101145
0.101145
0.114622
0.114622
0.085226
0.099496
0.096205
0.096742
0.105069
0.084786
0.084852
0.083554
0.083554
0.083554
0.077098
0.088161
0.088161
0.080342
0.119007
0.119007
0.102175
0.063955
0.094442
0.094442
0.127275
0.041335
0.041335
0.127900
0.120243
0.069772
0.058288
0.058288
0.073418
0.073418
0.050972
0.050972
0.062214
0.062214
0.064923
0.064923
0.064923
0.057925
0.063705
0.063215
0.063215
0.058887
0.073700
0.073700
0.053936
0.053936
0.092908
0.067085
0.052766
0.052989
0.052989
0.071653
0.071653
0.055921
0.050892
0.067010
0.063821
0.059461
0.072048
0.072048
0.067270
0.069282
0.072356
0.075154
0.063972
0.063972
0.070841
0.069061
0.070897
0.077085
0.076975
0.076975
0.088776
0.117307
0.117307
0.091433
0.080159
0.080159
0.093575
0.093575
0.127149
0.127149
0.132049
0.132049
0.073958
0.073958
0.073958
0.146981
0.103568
0.100906
0.100906
0.123506
0.110792
0.110792
0.117364
0.126340
0.118690
0.073380
0.073380
0.090525
0.090525
0.086861
0.072378
0.114351
0.114351
0.085842
0.085842
0.085842
0.069311
0.069311
0.066007
0.062735
0.062735
0.048288
0.062113
0.067756
0.067756
0.077424
0.095934
0.095934
0.095934
0.103749
0.137378
0.123509
0.123509
0.107741
0.107741
0.107741
0.091292
0.084643
0.078599
0.079261
0.079261
0.081350
0.073985
0.073985
0.080879
0.086492
0.086492
0.074318
0.079796
0.090245
0.089855
0.061021
0.061021
0.069865
0.069865
0.054483
0.049916
0.049916
0.042249
0.049055
0.036409
0.036409
0.036909
0.043291
0.043291
0.046571
0.050806
0.066902
0.071418
0.071418
0.071418
0.079439
0.092470
0.064438
0.064438
0.085260
0.099372
0.099372
0.071901
0.074705
0.083789
0.088478
0.088534
0.087256
0.087256
0.071741
0.071741
0.095682
0.095682
0.079615
0.079615
0.077073
0.080702
0.108360
0.083554
0.083554
0.083494
0.083494
0.087211
0.114810
0.082638
0.059691
0.059691
0.059691
0.084816
0.044937
0.049340
0.056951
0.060178
0.060178
0.055665
0.055665
0.058673
0.048591
0.064624
0.064624
0.064624
0.051268
0.065485
0.065485
0.070578
0.053246
0.064792
0.064792
0.069264
0.064124
0.064124
0.063726
0.063726
0.068896
0.069864
0.073524
0.080562
0.074447
0.086721
0.079483
0.076667
0.076667
0.083629
0.089158
0.089158
0.073063
0.073063
0.079621
0.086324
0.086324
0.107037
0.107037
0.111909
0.074240
0.074240
0.141622
0.070715
0.084953
0.084953
0.136299
0.136299
0.078908
0.078908
0.081672
0.081672
0.108469
0.090027
0.090027
0.120958
0.118401
0.099367
0.107342
0.107342
0.097891
0.126039
0.088750
0.088750
0.105054
0.105054
0.111563
0.080022
0.119652
0.111466
0.089184
0.073222
0.110359
0.120986
0.120986
0.120986
0.092392
0.092392
0.144162
0.149228
0.075292
0.088750
0.088750
0.094802
0.090843
0.090843
0.104509
0.104509
0.089131
0.107640
0.107640
0.101272
0.110273
0.110273
0.123320
0.123320
0.124915
0.123383
0.119122
0.119122
0.133880
0.133880
0.160553
0.143309
0.122187
0.112847
0.145418
0.145418
0.125449
0.162014
0.162014
0.135765
0.147141
0.152109
0.152109
0.147244
0.144181
0.146353
0.147804
0.147804
0.126327
0.126327
0.132718
0.126734
0.126734
0.087813
0.114406
0.114406
0.126663
0.114232
0.114232
0.108578
0.129023
0.129023
0.129023
0.109080
0.109080
0.139448
0.139448
0.093886
0.118721
0.118721
0.109741
0.090638
0.120524
0.120524
0.122856
0.106637
0.106637
0.158304
0.153641
0.153641
0.136095
0.136095
0.147660
0.153475
0.149777
0.128011
0.173261
0.173261
0.175233
0.175233
0.168520
0.168520
0.177784
0.177784
0.158053
0.157907
0.157907
0.141536
0.135868
0.135868
0.135868
0.158369
0.158369
0.147093
0.170353
0.170353
0.153533
0.153533
0.170375
0.170233
0.154883
0.156767
0.160527
0.160527
0.155368
0.155368
0.132745
0.132745
0.172150
0.102707
0.102707
0.066724
0.066724
0.038959
0.011917
0.011917
0.024076
0.024076
0.028818
0.028818
0.013584
0.013584
0.023188
0.027109
0.027109
0.037981
0.059880
0.075097
0.109395
0.109395
0.089928
0.096592
0.096592
0.100125
0.098234
0.098234
0.181678
0.188685
0.191739
0.191739
0.191739
0.192680
0.193421
0.193421
0.151128
0.177618
0.163312
0.163047
0.163047
0.180313
0.161312
0.157294
0.157294
0.169732
0.167370
0.168009
0.164743
0.160430
0.159595
0.169327
0.169327
0.145437
0.162034
0.162034
0.168284
0.165367
0.153654
0.172813
0.162491
0.162491
0.150462
0.154638
0.120221
0.120221
0.098749
0.098749
0.147877
0.147877
0.070869
0.109314
0.109314
0.119363
0.087466
0.078568
0.166348
0.179201
0.179201
0.155830
0.155830
0.176615
0.163339
0.163339
0.175937
0.175937
0.169554
0.163745
0.163745
0.167809
0.168940
0.168940
0.131582
0.147688
0.147688
0.147688
0.170600
0.119656
0.155754
0.174006
0.131987
0.135893
0.135893
0.174350
0.172807
0.096463
0.164663
0.178322
0.178322
0.178322
0.136523
0.136523
0.184660
0.171126
0.171126
0.168542
0.168542
0.177220
0.166889
0.162167
0.162167
0.169238
0.169238
0.161774
0.161774
0.156494
0.174154
0.156123
0.154012
0.154012
0.162893
0.162893
0.160404
0.114635
0.114635
0.169714
0.133329
0.149021
0.149021
0.157757
0.153982
0.153982
0.151193
0.151193
0.151193
0.164860
0.164860
0.158640
0.177536
0.177536
0.173885
0.179053
0.179053
0.166053
0.166053
0.176225
0.169909
0.169909
0.180357
0.171891
0.177544
0.177544
0.179440
0.179440
0.134803
0.134803
0.188094
0.188094
0.148538
0.148538
0.165167
0.177540
0.150767
0.150767
0.137411
0.137411
0.166889
0.166889
0.166889
0.163102
0.168606
0.168606
0.167088
0.139093
0.139093
0.166997
0.166997
0.166997
0.153854
0.177160
0.177160
0.136865
0.175186
0.175186
0.152292
0.105423
0.105423
0.145092
0.140407
0.095550
0.095550
0.139610
0.162075
0.148598
0.108998
0.124029
0.124029
0.124029
0.139551
0.139551
0.122126
0.169655
0.169655
0.150965
0.150965
0.156494
0.156494
0.167185
0.154766
0.167591
0.176315
0.176315
0.155939
0.185079
0.184681
0.184681
0.152714
0.152714
0.182065
0.182065
0.182065
0.161017
0.161017
0.182373
0.182373
0.172958
0.174623
0.185489
0.177421
0.177421
0.172232
0.172232
0.184142
0.184142
0.181801
0.181801
0.171036
0.171036
0.171036
0.171036
0.176112
0.180029
0.174368
0.074216
0.074216
0.079879
0.079879
0.045704
0.050837
0.050837
0.088457
0.054427
0.054427
0.062792
0.074062
0.064111
0.064111
0.078179
0.078179
0.133281
0.092586
0.096025
0.167215
0.128949
0.128949
0.133162
0.133162
0.150190
0.157414
0.158574
0.157454
0.157454
0.178134
0.182116
0.182116
0.179016
0.197245
0.197245
0.196461
0.196461
0.179857
0.179857
0.194609
0.163654
0.163654
0.184668
0.186971
0.186971
0.155646
0.173544
0.169105
0.169105
0.162641
0.166294
0.166294
0.153899
0.172613
0.172613
0.156882
0.156882
0.168412
0.167433
0.167433
0.167433
0.166805
0.164743
0.174235
0.164929
0.164929
0.170939
0.170939
0.163047
0.163047
0.178101
0.178101
0.151747
0.151747
0.153602
0.171517
0.153161
0.153161
0.163854
0.171062
0.171062
0.155023
0.155023
0.165991
0.142914
0.142914
0.164051
0.164051
0.138680
0.138680
0.152670
0.152670
0.122452
0.148390
0.148390
0.109447
0.128735
0.151667
0.131618
0.131618
0.126970
0.147792
0.147792
0.090284
0.090284
0.131419
0.131419
0.131419
0.104837
0.113363
0.106176
0.106176
0.068130
0.092451
0.088047
0.088047
0.054953
0.054953
0.062988
0.087346
0.072817
0.073373
0.078645
0.078645
0.114554
0.114326
0.085600
0.085600
0.105733
0.105733
0.107741
0.137041
0.129463
0.137831
0.137831
0.122404
0.137521
0.168995
0.168995
0.113080
0.113080
0.136635
0.126304
0.066009
0.066009
0.072302
0.039335
0.039335
0.033137
0.036688
0.036688
0.026965
0.026965
0.039572
0.039572
0.044619
0.035661
0.042368
0.042368
0.041173
0.041173
0.037225
0.040597
0.049278
0.049278
0.049278
0.046925
0.091972
0.110659
0.110659
0.079888
0.079888
0.143115
0.150402
0.125289
0.153279
0.153279
0.153279
0.116017
0.127417
0.078431
0.092971
0.082404
0.082404
0.057529
0.047769
0.047745
0.039297
0.030356
0.030356
0.019860
0.012298
0.006480
0.006480
0.006480
-0.013104
0.003257
-0.010824
-0.008446
-0.008446
-0.008446
-0.044699
-0.074459
-0.023104
0.001762
0.018660
0.018660
0.039171
0.051978
0.051978
0.046770
0.052896
0.052865
0.052865
0.046554
0.058562
0.058562
0.058562
0.057129
0.090332
0.090332
0.090332
0.101284
0.101284
0.139026
0.139026
0.161009
0.161009
0.156196
0.138035
0.142322
0.142322
0.129880
0.129880
0.128485
0.135500
0.118965
0.118965
0.110168
0.153293
0.107290
0.083653
0.124029
0.124029
0.076930
0.076930
0.063997
0.057841
0.055679
0.061444
0.057925
0.057925
0.058325
0.058325
0.053872
0.053872
0.050477
0.044721
0.052447
0.052447
0.040748
0.040748
0.047497
0.048704
0.037649
0.037649
0.037649
0.057447
0.027927
0.028200
0.057946
0.057946
0.051407
0.072998
0.072998
0.136567
0.158594
0.143212
0.143212
0.131664
0.150087
0.165084
0.165084
0.171989
0.180529
0.186318
0.186318
0.181580
0.181580
0.188922
0.182325
0.182325
0.164411
0.181055
0.192355
0.192355
0.181314
0.180929
0.180929
0.194056
0.192632
0.196521
0.196521
0.196721
0.197280
0.197280
0.202516
0.202516
0.202516
0.188919
0.193376
0.187062
0.187062
0.182992
0.191618
0.178359
0.173344
0.182108
0.182108
0.178873
0.178873
0.174226
0.174226
0.180699
0.180699
0.180699
0.169323
0.159992
0.165745
0.165745
0.175734
0.175734
0.154407
0.167071
0.172356
0.172356
0.147965
0.161858
0.161858
0.158425
0.168493
0.162590
0.154771
0.162994
0.162994
0.162994
0.154361
0.154361
0.146101
0.137649
0.139977
0.139977
0.101564
0.101020
0.101020
0.075364
0.099153
0.099153
0.099153
0.060945
0.076553
0.063773
0.063773
0.063773
0.055257
0.055257
0.067325
0.067325
0.071632
0.068700
0.079438
0.079438
0.061940
0.061940
0.072394
0.072394
0.058982
0.058982
0.082542
0.082542
0.064615
0.064615
0.062113
0.065021
0.065021
0.054981
0.054981
0.039677
0.039677
0.036285
0.028394
0.022082
0.022082
0.027469
0.023810
0.023810
0.024209
0.026968
0.026968
0.026968
0.039105
0.041202
0.039881
0.048267
0.048267
0.049450
0.049147
0.044943
0.052061
0.047633
0.047633
0.044585
0.045179
0.045179
0.045179
0.047190
0.040834
0.068205
0.068205
0.067673
0.055155
0.055155
0.070757
0.061605
0.061605
0.054878
0.061830
0.068854
0.068854
0.063991
0.063991
0.062396
0.062396
0.086972
0.086972
0.108407
0.115754
0.115754
0.067029
0.067029
0.121237
0.121237
0.087437
0.087437
0.087437
0.093506
0.093506
0.060965
0.060965
0.070044
0.110970
0.110970
0.101912
0.096427
0.096427
0.159915
0.159915
0.113059
0.113059
0.130857
0.130857
0.079847
0.144077
0.146211
0.146211
0.146211
0.170161
0.186777
0.181019
0.181019
0.186668
0.186668
0.192716
0.193194
0.198848
0.198848
0.192996
0.192996
0.208718
0.208718
0.205249
0.201469
0.203323
0.205658
0.199082
0.202564
0.204523
0.194243
0.172676
0.172676
0.178708
0.129279
0.129279
0.125132
0.158552
0.158552
0.107249
0.126678
0.126678
0.146101
0.146101
0.130854
0.130854
0.130854
0.142918
0.142918
0.109527
0.120501
0.092335
0.092335
0.113349
0.113349
0.115130
0.118825
0.118825
0.091179
0.080069
0.118018
0.081422
0.081422
0.081422
0.102082
0.074421
0.074421
0.053886
0.062325
0.062325
0.062325
0.051407
0.042485
0.042485
0.061186
0.054638
0.035459
0.042598
0.034961
0.030344
0.030344
0.039173
0.039173
0.035561
0.035561
0.047101
0.047101
0.045761
0.045761
0.056445
0.056445
0.068650
0.074551
0.074551
0.112874
0.137164
0.137164
0.164240
0.164240
0.159149
0.163299
0.163299
0.161899
0.166165
0.151510
0.151510
0.145957
0.145957
0.168667
0.156739
0.156739
0.117433
0.162117
0.161702
0.120945
0.120945
0.166072
0.159934
0.159934
0.151431
0.148071
0.160936
0.136879
0.136879
0.151089
0.139842
0.147217
0.122739
0.113423
0.113423
0.085772
0.089563
0.073547
0.073547
0.073547
0.074659
0.074659
0.090778
0.083456
0.083456
0.089746
0.089746
0.105685
0.096636
0.096636
0.096540
0.110417
0.119523
0.119523
0.108710
0.113809
0.133394
0.133394
0.102157
0.127380
0.127380
0.151121
0.112642
0.112642
0.128311
0.145324
0.145324
0.116554
0.128085
0.128085
0.121801
0.124740
0.124740
0.128757
0.101272
0.100643
0.086669
0.086669
0.078820
0.078820
0.084312
0.071704
0.086929
0.111633
0.107169
0.092334
0.092334
0.079619
0.079619
0.084258
0.074370
0.074370
0.079664
0.065361
0.065770
0.070799
0.070799
0.069519
0.068456
0.066126
0.066126
0.074526
0.074526
0.079351
0.061297
0.064832
0.097394
0.097394
0.069909
0.054289
0.054289
0.073094
0.073094
0.070785
0.070785
0.070785
0.043574
0.043574
0.043574
0.059507
0.059507
0.059507
0.059507
0.051096
0.055155
0.051089
0.066184
0.066184
0.066184
0.057839
0.057839
0.065348
0.058899
0.058899
0.080952
0.079171
0.079171
0.042799
0.050670
0.037720
0.037720
0.036973
0.036973
0.045216
0.047724
0.039083
0.031782
0.026852
0.026226
0.020095
0.020095
0.040307
0.030242
0.027069
0.027069
0.029677
0.003893
0.003893
0.027073
0.027073
0.015419
0.007869
0.007869
0.026099
0.041302
0.059242
0.046739
0.046739
0.064412
0.064412
0.094736
0.050325
0.065358
0.065358
0.077024
0.077024
0.077624
0.097374
0.109633
0.109633
0.124611
0.124611
0.136632
0.169915
0.169636
0.169636
0.146484
0.146484
0.175580
0.146355
0.146355
0.146355
0.159947
0.159947
0.181294
0.181294
0.148366
0.148366
0.163835
0.143399
0.143399
0.154864
0.154864
0.163528
0.149423
0.149423
0.134689
0.134689
0.134689
0.129992
0.148421
0.122339
0.151926
0.151926
0.151926
0.142532
0.121328
0.121328
0.108209
0.104176
0.131823
0.102707
0.066781
0.066781
0.078905
0.086847
0.086847
0.065832
0.051358
0.051358
0.037688
0.030717
0.030717
0.022374
0.036796
0.041555
0.048203
0.044049
0.045709
0.050954
0.122148
0.123506
0.090684
0.114208
0.097265
0.097265
0.062792
0.069368
0.083754
0.083754
0.046641
0.048859
0.046575
0.046575
0.044600
0.038912
0.037018
0.037018
0.037539
0.024218
0.024218
0.030437
0.030437
0.040504
0.035314
0.035314
0.033875
0.036101
0.013787
0.009783
0.025697
0.025697
0.032415
0.032415
-0.004537
-0.021639
0.026882
0.000385
0.014585
0.014585
0.048632
0.061617
0.055777
0.055777
0.106490
0.106490
0.099620
0.091865
0.100510
0.114192
0.114192
0.083418
0.086342
0.099875
0.085361
0.085361
0.083826
0.090797
0.149764
0.149764
0.077993
0.077993
0.129202
0.149764
0.149764
0.077775
0.091341
0.146792
0.096847
0.100001
0.100001
0.153920
0.154962
0.154962
0.107963
0.107963
0.165095
0.165095
0.111043
0.120000
0.120000
0.163615
0.099621
0.099621
0.125912
0.153566
0.114541
0.114541
0.094866
0.159019
0.159019
0.072934
0.069559
0.114302
0.155473
0.155473
0.068431
0.112241
0.140416
0.131737
0.113579
0.124663
0.163090
0.163090
0.149109
0.105370
0.105370
0.155572
0.133465
0.133465
0.143507
0.120980
0.149169
0.149169
0.149985
0.149985
0.111638
0.152342
0.152342
0.127822
0.141834
0.141834
0.156160
0.156160
0.139715
0.139715
0.159345
0.159345
0.155158
0.155158
0.147633
0.151002
0.151002
0.137555
0.127257
0.127257
0.127257
0.119985
0.090842
0.090842
0.091356
0.094894
0.055920
0.055920
0.082890
0.082890
0.082890
0.059228
0.074137
0.087546
0.066898
0.081234
0.081234
0.085599
0.070562
0.065594
0.088559
0.088559
0.077254
0.077254
0.088268
0.100503
0.063444
0.063444
0.059307
0.053852
0.053852
0.050591
0.057450
0.055870
0.055870
0.063285
0.063285
0.108007
0.108007
0.154451
0.179512
0.179512
0.168203
0.168944
0.170512
0.170512
0.170512
0.172193
0.175802
0.175802
0.136635
0.159166
0.172006
0.172006
0.146950
0.146950
0.135174
0.135174
0.107433
0.112405
0.112405
0.129089
0.084781
0.084781
0.091020
0.091020
0.107874
0.107874
0.118133
0.118133
0.124811
0.124811
0.129032
0.084751
0.084751
0.114366
0.132431
0.132431
0.120869
0.120869
0.130597
0.096759
0.096759
0.106945
0.127772
0.127772
0.093992
0.150767
0.150767
0.110012
0.110012
0.160024
0.157404
0.157404
0.131220
0.131220
0.166195
0.143115
0.143115
0.150336
0.150336
0.163601
0.149163
0.148361
0.153837
0.153837
0.163610
0.156061
0.130092
0.150293
0.150293
0.158346
0.138249
0.138249
0.132399
0.152916
0.145983
0.116288
0.154775
0.167446
0.167446
0.143502
0.153777
0.166505
0.166505
0.147033
0.147033
0.182967
0.182967
0.150391
0.145113
0.145113
0.174320
0.148245
0.148245
0.137100
0.137100
0.153222
0.137758
0.137758
0.098740
0.136794
0.136794
0.136794
0.098993
0.092783
0.136828
0.143608
0.105947
0.091912
0.107046
0.140321
0.122987
0.122987
0.122732
0.140632
0.140632
0.112955
0.112955
0.140727
0.148098
0.136254
0.138496
0.137295
0.152338
0.148196
0.123902
0.122717
0.122717
0.150952
0.141834
0.141834
0.119710
0.124930
0.124930
0.106696
0.106696
0.106696
0.111445
0.111445
0.067577
0.093405
0.093405
0.122975
0.070159
0.064484
0.134543
0.134543
0.083912
0.083912
0.101651
0.125186
0.118484
0.092591
0.092591
0.064364
0.064299
0.064299
0.050493
0.053616
0.049473
0.049473
0.049473
0.046334
0.052289
0.052289
0.040746
0.040746
0.028841
0.029177
0.029177
0.031292
0.015146
0.030500
0.030500
0.013492
0.028250
0.028250
0.028049
0.028049
0.015554
0.027373
0.027373
0.007327
0.010708
0.010708
0.017371
0.017497
0.017497
0.029153
0.028900
0.028900
0.036835
0.047484
0.047484
0.053813
0.065952
0.065952
0.081122
0.092714
0.092714
0.096540
0.099370
0.138177
0.138177
0.133530
0.112308
0.147383
0.169915
0.169915
0.137594
0.150311
0.166199
0.166199
0.091953
0.091953
0.098740
0.094203
0.082525
0.082525
0.085430
0.070757
0.070757
0.070272
0.086050
0.131096
0.090502
0.090502
0.093105
0.071315
0.071315
0.071315
0.067507
0.056831
0.056831
0.028431
0.031310
0.031310
0.031310
0.021960
0.027733
0.035492
0.035492
0.062261
0.074870
0.107342
0.098109
0.104260
0.104260
0.121160
0.079262
0.066365
0.084988
0.073244
0.056400
0.041230
0.041230
0.041230
0.045418
0.045418
0.055100
0.056890
0.056890
0.056890
0.090252
0.098500
0.128689
0.128689
0.096989
0.096989
0.081873
0.106341
0.106341
0.078563
0.070618
0.099625
0.151153
0.106940
0.098628
0.098628
0.091919
0.060426
0.060426
0.091704
0.069076
0.069076
0.070397
0.070397
0.058906
0.058906
0.050555
0.042644
0.042644
0.047573
0.047980
0.048650
0.048650
0.043031
0.074783
0.064022
0.064022
0.047965
0.047965
0.054074
0.109633
0.080666
0.123176
0.123176
0.166277
0.141027
0.164671
0.164671
0.184545
0.161557
0.170241
0.170241
0.180371
0.171862
0.161423
0.174043
0.174043
0.179913
0.167113
0.167113
0.162284
0.175710
0.175710
0.146395
0.101417
0.101417
0.101417
0.128914
0.124351
0.124351
0.137540
0.167128
0.167128
0.150882
0.150882
0.157315
0.160691
0.160691
0.150744
0.150744
0.150744
0.151272
0.166997
0.166997
0.159934
0.142621
0.143984
0.143984
0.102541
0.102541
0.102541
0.074702
0.053264
0.119234
0.068896
0.068896
0.068896
0.061248
0.110464
0.110464
0.056601
0.056815
0.056815
0.085020
0.058240
0.058240
0.053439
0.053439
0.079883
0.066067
0.067189
0.067189
0.082462
0.082462
0.083085
0.068788
0.114381
0.114381
0.114381
0.065896
0.067623
0.104428
0.066970
0.066970
0.128485
0.148129
0.077313
0.072998
0.072998
0.072998
0.069349
0.061481
0.039483
0.039483
0.002412
0.002412
-0.009412
-0.011045
-0.011045
-0.053185
-0.053185
-0.013307
0.018582
0.018582
0.025739
0.038527
0.039548
0.039548
0.038559
0.038559
0.050785
0.054189
0.056201
0.056201
0.065363
0.077718
0.067887
0.068378
0.068365
0.117364
0.117364
0.111563
0.073297
0.087805
0.087805
0.078908
0.078908
0.074112
0.150293
0.150293
0.145044
0.163099
0.163099
0.181959
0.166744
0.166744
0.176379
0.176379
0.182467
0.173963
0.169639
0.179037
0.177364
0.160775
0.173490
0.173490
0.169529
0.172698
0.172698
0.166302
0.166717
0.166717
0.155436
0.155436
0.121111
0.155644
0.155644
0.120810
0.130071
0.142221
0.146894
0.136499
